     0/299     6.34G    0.0846    0.1019   0.08764    0.2741        73       640    0.2019   0.04137   0.03861   0.01573   0.07032   0.08511   0.06831
     1/299     14.9G   0.06861   0.09903   0.06323    0.2309        87       640    0.3361    0.1855    0.1576   0.08009   0.06038   0.08006    0.0481
     2/299       15G   0.06391   0.09558   0.05172    0.2112        98       640    0.3265     0.318    0.2565    0.1401   0.05513   0.07631   0.03901
     3/299       15G   0.05986   0.09318   0.04497     0.198       126       640    0.2822    0.4323    0.3354    0.1926    0.0519   0.07377   0.03337
     4/299       15G   0.05717   0.09143   0.04061    0.1892        54       640    0.2886     0.479    0.3785     0.224    0.0499   0.07214   0.03044
     5/299       15G   0.05554   0.09009   0.03799    0.1836       103       640    0.2995    0.5005    0.4017    0.2412   0.04875   0.07105   0.02882
     6/299       15G   0.05433   0.08858   0.03611     0.179        41       640    0.3118    0.5109    0.4171    0.2524   0.04804   0.07037    0.0278
     7/299       15G    0.0535   0.08784   0.03487    0.1762        77       640    0.3209    0.5157     0.427    0.2602   0.04757   0.06988   0.02711
     8/299       15G   0.05277   0.08719    0.0337    0.1737        71       640     0.334    0.5188    0.4356    0.2665   0.04723   0.06951   0.02657
     9/299       15G   0.05221   0.08665    0.0328    0.1717        70       640    0.3492    0.5193    0.4429    0.2717   0.04697   0.06921   0.02611
    10/299       15G   0.05176   0.08628   0.03197      0.17       110       640    0.3636    0.5194    0.4499    0.2762   0.04674   0.06898   0.02568
    11/299       15G   0.05137   0.08578   0.03142    0.1686        81       640    0.3753    0.5183    0.4558    0.2809   0.04652   0.06879   0.02528
    12/299       15G     0.051   0.08532   0.03084    0.1672        88       640    0.3877    0.5176    0.4615    0.2848    0.0463   0.06865   0.02489
    13/299       15G   0.05075   0.08476   0.03041    0.1659        70       640    0.3981    0.5176     0.467     0.289   0.04609   0.06849   0.02449
    14/299     15.7G   0.05045   0.08473   0.03005    0.1652        62       640    0.4122    0.5202    0.4726    0.2936   0.04586   0.06834   0.02411
    15/299     15.7G   0.05012    0.0843   0.02948    0.1639        89       640    0.4211    0.5243    0.4793     0.298   0.04562   0.06815   0.02372
    16/299     15.7G   0.04988   0.08422   0.02922    0.1633        64       640    0.4281    0.5281    0.4855    0.3028   0.04536   0.06795   0.02335
    17/299     15.7G   0.04978   0.08408   0.02894    0.1628        86       640     0.432     0.533    0.4912    0.3069   0.04509    0.0677     0.023
    18/299     15.7G   0.04957   0.08365   0.02861    0.1618        75       640    0.4337    0.5393    0.4973    0.3112   0.04481   0.06744   0.02265
    19/299     15.7G   0.04933   0.08347   0.02842    0.1612        86       640    0.4343    0.5469    0.5036    0.3159   0.04454   0.06717   0.02234
    20/299     15.7G    0.0492   0.08354   0.02815    0.1609        50       640    0.4346    0.5526    0.5093    0.3205   0.04427    0.0669   0.02201
    21/299     15.7G   0.04906    0.0831   0.02786      0.16        95       640    0.4337    0.5598    0.5144    0.3256   0.04402   0.06659    0.0217
    22/299     15.7G   0.04887   0.08293   0.02772    0.1595        51       640    0.4323    0.5663    0.5201    0.3299   0.04377    0.0663    0.0214
    23/299     15.7G   0.04881   0.08282   0.02751    0.1591        83       640    0.4321    0.5739    0.5255    0.3341   0.04354     0.066   0.02113
    24/299     15.7G   0.04868   0.08262   0.02733    0.1586       115       640    0.4316    0.5814    0.5308     0.338   0.04331   0.06573   0.02086
    25/299     15.7G   0.04849   0.08264   0.02724    0.1584        84       640    0.4299    0.5886    0.5356    0.3418   0.04309   0.06546   0.02062
    26/299     15.7G   0.04835   0.08226   0.02701    0.1576        78       640    0.4285     0.594    0.5397    0.3445   0.04289   0.06522   0.02038
    27/299     15.7G   0.04833    0.0823   0.02677    0.1574       112       640    0.4261    0.5991    0.5432    0.3481   0.04269   0.06499   0.02016
    28/299     15.7G   0.04823   0.08221   0.02668    0.1571       105       640    0.4229    0.6047    0.5474    0.3518   0.04251   0.06477   0.01996
    29/299     15.7G   0.04815     0.082    0.0267    0.1569       136       640     0.421    0.6103    0.5503    0.3547   0.04235   0.06456   0.01979
    30/299     15.7G   0.04806   0.08175   0.02633    0.1561        92       640    0.4198    0.6152    0.5535    0.3578    0.0422   0.06438   0.01963
    31/299     15.7G   0.04794   0.08194   0.02634    0.1562       138       640     0.417    0.6194     0.557    0.3607   0.04205   0.06419   0.01947
    32/299     15.7G   0.04782   0.08167   0.02627    0.1558       125       640    0.4156    0.6229    0.5601    0.3632   0.04191   0.06402    0.0193
    33/299     15.7G   0.04777   0.08157   0.02614    0.1555        98       640    0.4141    0.6277    0.5628    0.3657   0.04178   0.06386   0.01915
    34/299     15.7G   0.04772   0.08148   0.02603    0.1552       112       640    0.4223    0.6322    0.5658     0.369   0.04165   0.06373   0.01901
    35/299     15.7G   0.04763   0.08137    0.0258    0.1548        63       640    0.4218    0.6359    0.5688    0.3712   0.04153    0.0636   0.01887
    36/299     15.7G   0.04758   0.08137   0.02573    0.1547        66       640    0.4177    0.6388    0.5705    0.3732   0.04143   0.06349   0.01877
    37/299     15.7G   0.04752   0.08158   0.02578    0.1549        95       640    0.4161    0.6417    0.5735    0.3754   0.04132   0.06337   0.01866
    38/299     15.7G   0.04745   0.08104   0.02554     0.154       119       640    0.4128    0.6435    0.5749    0.3769   0.04123   0.06326   0.01857
    39/299     15.7G   0.04736   0.08105   0.02549    0.1539       120       640    0.4124    0.6451    0.5759    0.3787   0.04114   0.06318   0.01847
    40/299     15.7G   0.04732   0.08107   0.02548    0.1539        71       640    0.4143    0.6477    0.5778     0.381   0.04106    0.0631   0.01837
    41/299     15.7G    0.0472   0.08092   0.02533    0.1535        43       640    0.4112    0.6501    0.5793    0.3821   0.04098   0.06302   0.01828
    42/299     15.7G   0.04718   0.08084   0.02523    0.1533        41       640    0.4074    0.6528    0.5817    0.3838   0.04091   0.06295   0.01818
    43/299     15.7G   0.04713   0.08092   0.02512    0.1532        76       640    0.4062    0.6546    0.5826    0.3846   0.04084   0.06291   0.01809
    44/299     15.7G   0.04701   0.08053    0.0251    0.1526        88       640    0.4054    0.6566    0.5846    0.3858   0.04077   0.06285     0.018
    45/299     15.7G   0.04699   0.08109   0.02495     0.153       129       640    0.4054    0.6595     0.586     0.387   0.04071   0.06279   0.01792
    46/299     15.7G   0.04692   0.08057   0.02489    0.1524        73       640    0.4058    0.6624    0.5877    0.3884   0.04066   0.06272   0.01787
    47/299     15.7G   0.04694    0.0805    0.0248    0.1522        95       640    0.4041    0.6641    0.5884    0.3893   0.04061   0.06265   0.01779
    48/299     15.7G   0.04684    0.0807   0.02482    0.1524        54       640    0.4027    0.6653    0.5903    0.3907   0.04054    0.0626   0.01772
    49/299     15.7G   0.04681   0.08048   0.02463    0.1519        70       640    0.4033    0.6683    0.5915    0.3913   0.04048   0.06253   0.01767
    50/299     15.7G    0.0467   0.08043   0.02463    0.1518        75       640    0.4016    0.6691    0.5921    0.3923   0.04041   0.06247    0.0176
    51/299     15.7G   0.04672   0.08038   0.02458    0.1517        81       640    0.4003    0.6711    0.5933    0.3935   0.04036   0.06241   0.01754
    52/299     15.7G   0.04667   0.08019   0.02452    0.1514        71       640    0.4004    0.6721    0.5941    0.3944    0.0403   0.06236   0.01749
    53/299     15.7G   0.04663   0.08013   0.02447    0.1512        46       640    0.4008    0.6725    0.5952    0.3957   0.04025   0.06231   0.01743
    54/299     15.7G   0.04654   0.08014   0.02435     0.151       106       640    0.3986    0.6735    0.5955    0.3965   0.04021   0.06228   0.01739
    55/299     15.7G   0.04654   0.07994   0.02441    0.1509        51       640    0.3982    0.6752    0.5966    0.3968   0.04017   0.06225   0.01734
    56/299     15.7G   0.04639   0.07985   0.02425    0.1505        67       640    0.3978    0.6763    0.5974    0.3973   0.04012   0.06221   0.01729
    57/299     15.7G   0.04641   0.07982   0.02421    0.1504       105       640    0.3983    0.6786     0.599    0.3987   0.04008   0.06217   0.01725
    58/299     15.7G   0.04635   0.07999   0.02413    0.1505        83       640    0.3975    0.6792    0.6005    0.3993   0.04004   0.06211    0.0172
    59/299     15.7G   0.04632      0.08   0.02404    0.1504        46       640    0.3978    0.6794    0.6015       0.4      0.04   0.06206   0.01716
    60/299     15.7G   0.04633   0.07977   0.02406    0.1502        42       640    0.3964    0.6809    0.6023    0.4011   0.03995   0.06205   0.01713
    61/299     15.7G   0.04623   0.07991   0.02398    0.1501        47       640    0.3977    0.6817    0.6023    0.4013    0.0399   0.06203   0.01707
    62/299     15.7G   0.04622   0.07969   0.02391    0.1498        77       640     0.397    0.6829    0.6033    0.4021   0.03986   0.06197   0.01701
    63/299     15.7G    0.0462   0.07984   0.02383    0.1499       106       640    0.3975    0.6829    0.6037    0.4024   0.03983   0.06194   0.01696
    64/299     15.7G   0.04609   0.07964   0.02385    0.1496        75       640    0.3976    0.6836    0.6043    0.4041   0.03978   0.06189   0.01691
    65/299     15.7G    0.0461    0.0796   0.02381    0.1495       120       640     0.398    0.6833    0.6051    0.4048   0.03975   0.06185   0.01687
    66/299     15.7G   0.04602   0.07949   0.02372    0.1492        96       640    0.3976    0.6852    0.6063    0.4051   0.03972   0.06182   0.01683
    67/299     15.7G   0.04592   0.07939   0.02365     0.149        92       640    0.3981    0.6864    0.6063    0.4053   0.03969   0.06181   0.01681
    68/299     15.7G   0.04589   0.07924   0.02364    0.1488       121       640    0.3976    0.6863    0.6067    0.4059   0.03965   0.06178   0.01677
    69/299     15.7G    0.0459   0.07925   0.02352    0.1487        85       640    0.3951    0.6867    0.6071    0.4067   0.03961   0.06174   0.01673
    70/299     15.7G   0.04578   0.07915   0.02343    0.1484       150       640    0.3957    0.6877    0.6083    0.4071   0.03958    0.0617    0.0167
    71/299     15.7G   0.04581   0.07919   0.02345    0.1484        63       640    0.3963    0.6885    0.6084    0.4073   0.03955   0.06168   0.01665
    72/299     15.7G   0.04579   0.07914   0.02335    0.1483       117       640    0.3976    0.6896    0.6092    0.4081    0.0395   0.06166   0.01659
    73/299     15.7G   0.04576   0.07913   0.02336    0.1482       139       640    0.3978    0.6901     0.609    0.4081   0.03948   0.06163   0.01654
    74/299     15.7G   0.04569    0.0791   0.02323     0.148        74       640    0.3978    0.6903    0.6092    0.4079   0.03946   0.06163   0.01652
    75/299     15.7G   0.04564   0.07882    0.0232    0.1477        74       640    0.3973    0.6906    0.6097    0.4087   0.03944    0.0616    0.0165
    76/299     15.7G   0.04562   0.07879   0.02307    0.1475        83       640    0.3969    0.6914    0.6108    0.4096   0.03941   0.06158   0.01646
    77/299     15.7G    0.0456   0.07883   0.02315    0.1476        83       640    0.3974    0.6918    0.6112      0.41   0.03938   0.06155   0.01646
    78/299     15.7G    0.0455    0.0789   0.02303    0.1474        82       640    0.3983    0.6922    0.6119    0.4111   0.03935   0.06151   0.01643
    79/299     15.7G   0.04555   0.07875   0.02315    0.1474        46       640    0.3992    0.6921    0.6125    0.4118   0.03932   0.06148    0.0164
    80/299     15.7G   0.04549   0.07885   0.02296    0.1473        67       640    0.3983    0.6925    0.6122     0.412    0.0393   0.06146   0.01637
    81/299     15.7G   0.04544   0.07882   0.02289    0.1472        60       640    0.3988    0.6928    0.6124    0.4125   0.03927   0.06145   0.01632
    82/299     15.7G   0.04543   0.07883   0.02284    0.1471       125       640    0.3995    0.6941    0.6126    0.4129   0.03924   0.06142   0.01629
    83/299     15.7G   0.04536   0.07861   0.02288    0.1469        98       640    0.3981     0.694    0.6134    0.4134   0.03922   0.06139   0.01626
    84/299     15.7G   0.04525   0.07844   0.02274    0.1464        62       640    0.3987    0.6947    0.6141    0.4143   0.03919   0.06137   0.01623
    85/299     15.7G   0.04532   0.07864   0.02269    0.1466       107       640    0.3989    0.6965    0.6149    0.4145   0.03916   0.06135   0.01621
    86/299     15.7G   0.04524   0.07866   0.02262    0.1465        80       640    0.3983    0.6956    0.6147    0.4152   0.03913   0.06133   0.01617
    87/299     15.7G   0.04517   0.07829   0.02261    0.1461        50       640    0.3977    0.6964    0.6165    0.4163    0.0391    0.0613   0.01613
    88/299     15.7G   0.04516   0.07832    0.0226    0.1461        92       640    0.3973    0.6968    0.6167    0.4165   0.03908   0.06128   0.01612
    89/299     15.7G    0.0451   0.07832    0.0226     0.146        73       640     0.397    0.6988    0.6171    0.4168   0.03904   0.06125   0.01611
    90/299     15.7G   0.04512   0.07823   0.02246    0.1458        90       640    0.3964    0.6999    0.6171    0.4169   0.03902   0.06123    0.0161
    91/299     15.7G   0.04506   0.07825   0.02244    0.1458        62       640    0.3959    0.7008    0.6172    0.4174   0.03899   0.06123   0.01608
    92/299     15.7G   0.04505   0.07806   0.02238    0.1455        44       640    0.3965    0.6999    0.6175    0.4174   0.03898   0.06121   0.01605
    93/299     15.7G   0.04501   0.07828   0.02234    0.1456        80       640    0.3977    0.7007    0.6183    0.4175   0.03896   0.06118   0.01602
    94/299     15.7G   0.04489   0.07806   0.02225    0.1452        95       640    0.3974    0.7011    0.6189    0.4183   0.03895   0.06117     0.016
    95/299     15.7G   0.04489   0.07775    0.0223    0.1449        87       640    0.3983    0.7001     0.621    0.4197   0.03894   0.06115   0.01595
    96/299     15.7G   0.04483   0.07818   0.02215    0.1452       119       640    0.3999    0.7024    0.6218    0.4203   0.03892   0.06114   0.01589
    97/299     15.7G   0.04484   0.07783   0.02217    0.1448       134       640    0.3995    0.7025    0.6217    0.4205    0.0389   0.06111   0.01585
    98/299     15.7G   0.04482   0.07792   0.02214    0.1449       113       640    0.3978    0.7027    0.6218    0.4209   0.03887    0.0611   0.01585
    99/299     15.7G   0.04472   0.07785   0.02198    0.1445        67       640    0.3972    0.7025    0.6222    0.4213   0.03884   0.06108   0.01584
   100/299     15.7G   0.04468   0.07778   0.02198    0.1444        68       640    0.3985    0.7038    0.6226    0.4215   0.03882   0.06106   0.01582
   101/299     15.7G    0.0446   0.07759   0.02195    0.1441        86       640    0.3978    0.7041    0.6223    0.4215   0.03879   0.06105   0.01579
   102/299     15.7G   0.04467   0.07754     0.022    0.1442        77       640    0.3979    0.7039    0.6228    0.4214   0.03877   0.06104   0.01578
   103/299     15.7G   0.04456   0.07762    0.0218     0.144        90       640     0.398    0.7049    0.6233    0.4219   0.03875   0.06103   0.01577
   104/299     15.7G   0.04458   0.07755    0.0218    0.1439        70       640    0.3981    0.7051    0.6226    0.4219   0.03873     0.061   0.01575
   105/299     15.7G   0.04454   0.07762   0.02182     0.144        94       640    0.3969    0.7045    0.6234    0.4226   0.03871   0.06101   0.01574
   106/299     15.7G   0.04445   0.07756   0.02165    0.1437        74       640    0.3973    0.7045    0.6238    0.4232   0.03869   0.06101   0.01573
   107/299     15.7G   0.04444   0.07753   0.02163    0.1436        58       640    0.3964    0.7059    0.6239    0.4237   0.03866   0.06101   0.01571
   108/299     15.7G   0.04434   0.07741   0.02168    0.1434        75       640    0.3981    0.7059    0.6247    0.4233   0.03864   0.06101   0.01566
   109/299     15.7G   0.04439   0.07739   0.02151    0.1433       180       640    0.3984    0.7074    0.6254    0.4243   0.03863   0.06097   0.01562
   110/299     15.7G   0.04424   0.07717   0.02155     0.143        67       640    0.3988    0.7072     0.626    0.4242   0.03861   0.06094   0.01557
   111/299     15.7G   0.04422   0.07699    0.0214    0.1426        93       640    0.3983    0.7062    0.6263     0.425   0.03858   0.06091   0.01556
   112/299     15.7G   0.04425   0.07716   0.02144    0.1429        82       640    0.3974    0.7052    0.6264    0.4253   0.03856   0.06088   0.01553
   113/299     15.7G   0.04418   0.07705    0.0213    0.1425        96       640    0.3996    0.7075     0.627    0.4258   0.03854   0.06085    0.0155
   114/299     15.7G   0.04415     0.077   0.02135    0.1425        71       640    0.4025    0.7095    0.6269    0.4265   0.03852   0.06083   0.01547
   115/299     15.7G   0.04412   0.07705   0.02125    0.1424        72       640    0.4015    0.7097    0.6271    0.4264   0.03849   0.06082   0.01546
   116/299     15.7G   0.04414   0.07692   0.02125    0.1423       125       640    0.4018    0.7118    0.6279    0.4264   0.03848   0.06079   0.01544
   117/299     15.7G   0.04403   0.07706   0.02115    0.1422       100       640    0.4026    0.7131    0.6286    0.4271   0.03845   0.06076   0.01541
   118/299     15.7G     0.044   0.07663   0.02108    0.1417        68       640    0.4013    0.7134    0.6282    0.4271   0.03842   0.06073   0.01538
   119/299     15.7G   0.04397   0.07668   0.02103    0.1417        87       640    0.4008    0.7135    0.6286    0.4277   0.03838    0.0607   0.01535
   120/299     15.7G   0.04391   0.07666   0.02096    0.1415        34       640     0.401    0.7126    0.6281    0.4276   0.03835   0.06068   0.01534
   121/299     15.7G    0.0439   0.07688   0.02101    0.1418        91       640    0.4014    0.7132    0.6285     0.428   0.03833   0.06066   0.01533
   122/299     15.7G   0.04385   0.07668   0.02102    0.1416       121       640    0.4003    0.7113    0.6287    0.4282   0.03831   0.06065   0.01532
   123/299     15.7G   0.04382   0.07659   0.02089    0.1413        73       640    0.3998    0.7112    0.6293    0.4286   0.03828   0.06063   0.01529
   124/299     15.7G   0.04369    0.0766   0.02075     0.141        91       640    0.3994    0.7131    0.6297    0.4292   0.03827   0.06061   0.01527
   125/299     15.7G   0.04368   0.07645   0.02073    0.1409        74       640    0.3992    0.7143    0.6303    0.4297   0.03826   0.06061   0.01525
   126/299     15.7G   0.04369    0.0762   0.02078    0.1407        94       640    0.4002    0.7151    0.6307    0.4297   0.03826    0.0606   0.01522
   127/299     15.7G   0.04361   0.07615   0.02067    0.1404       122       640    0.4012    0.7155    0.6314    0.4303   0.03825   0.06059    0.0152
   128/299     15.7G   0.04365   0.07636   0.02058    0.1406        47       640    0.4002    0.7153    0.6322    0.4308   0.03822   0.06059   0.01517
   129/299     15.7G   0.04357    0.0763   0.02056    0.1404        93       640     0.401    0.7157    0.6328    0.4316    0.0382   0.06057   0.01515
   130/299     15.7G   0.04356    0.0762   0.02055    0.1403        97       640    0.4008    0.7155    0.6325    0.4315   0.03817   0.06053   0.01514
   131/299     15.7G   0.04348   0.07614    0.0204      0.14        31       640    0.4007    0.7156    0.6329    0.4323   0.03816    0.0605   0.01513
   132/299     15.7G   0.04348   0.07622   0.02042    0.1401        82       640    0.4004    0.7157    0.6336    0.4324   0.03814   0.06047   0.01511
   133/299     15.7G   0.04339   0.07601   0.02041    0.1398        56       640    0.4004    0.7171    0.6336    0.4329   0.03813   0.06046    0.0151
   134/299     15.7G   0.04335   0.07598   0.02022    0.1396        88       640    0.4002    0.7173    0.6335    0.4332   0.03811   0.06044   0.01508
   135/299     15.7G   0.04335   0.07583    0.0202    0.1394       121       640    0.3995    0.7178    0.6334    0.4333   0.03809   0.06043   0.01506
   136/299     15.7G    0.0433   0.07585   0.02017    0.1393        80       640    0.4003    0.7186    0.6343    0.4336   0.03807   0.06043   0.01504
   137/299     15.7G   0.04325   0.07585   0.02006    0.1392        87       640    0.3985    0.7187    0.6343    0.4337   0.03805   0.06042   0.01505
   138/299     15.7G   0.04322   0.07552   0.02009    0.1388        70       640    0.3984     0.719    0.6339     0.434   0.03802   0.06043   0.01505
   139/299     15.7G   0.04316   0.07548   0.02009    0.1387        89       640    0.3983    0.7199     0.635    0.4345     0.038   0.06041   0.01505
   140/299     15.7G   0.04314   0.07553      0.02    0.1387        62       640    0.3992    0.7194    0.6354    0.4343   0.03798   0.06044   0.01504
   141/299     15.7G   0.04306   0.07564   0.01992    0.1386        63       640    0.3983    0.7188    0.6354    0.4346   0.03796   0.06044   0.01503
   142/299     15.7G   0.04301   0.07532   0.01981    0.1381        92       640    0.3978    0.7197    0.6365    0.4352   0.03794   0.06043     0.015
   143/299     15.7G   0.04301   0.07563   0.01984    0.1385        82       640     0.396    0.7208    0.6372    0.4354   0.03793   0.06041   0.01498
   144/299     15.7G   0.04296   0.07522   0.01982     0.138       173       640     0.397    0.7222    0.6378    0.4357   0.03791    0.0604   0.01496
   145/299     15.7G   0.04286   0.07524   0.01965    0.1377        75       640    0.3979    0.7221    0.6382    0.4363   0.03788    0.0604   0.01494
   146/299     15.7G   0.04278   0.07508   0.01957    0.1374        57       640    0.3989    0.7227    0.6376    0.4363   0.03786   0.06038   0.01492
   147/299     15.7G   0.04282   0.07513   0.01958    0.1375        62       640     0.399    0.7237    0.6378    0.4364   0.03784   0.06037   0.01488
   148/299     15.7G   0.04277   0.07527   0.01957    0.1376        85       640    0.4006    0.7238    0.6388    0.4375   0.03781   0.06035   0.01485
   149/299     15.7G   0.04272   0.07484   0.01947     0.137        75       640    0.4005    0.7228    0.6388    0.4375    0.0378   0.06034   0.01482
   150/299     15.7G   0.04261   0.07474   0.01939    0.1367        79       640    0.4011    0.7234    0.6395    0.4377   0.03778   0.06033   0.01479
   151/299     15.7G   0.04264   0.07478   0.01941    0.1368        80       640     0.401    0.7236    0.6404    0.4384   0.03776   0.06031   0.01476
   152/299     15.7G   0.04258    0.0747   0.01928    0.1366        97       640    0.3997    0.7239    0.6401    0.4383   0.03774   0.06032   0.01475
   153/299     15.7G   0.04255   0.07459    0.0192    0.1363        83       640    0.4004    0.7241    0.6405    0.4382   0.03773   0.06028   0.01474
   154/299     15.7G   0.04251   0.07478   0.01917    0.1365       107       640    0.4006    0.7229    0.6407    0.4385   0.03772   0.06026   0.01473
   155/299     15.7G   0.04245   0.07434   0.01909    0.1359        80       640    0.4012    0.7237    0.6406    0.4387    0.0377   0.06025   0.01472
   156/299     15.7G   0.04242   0.07438   0.01905    0.1359       134       640    0.4006    0.7251     0.641    0.4387   0.03769   0.06026   0.01471
   157/299     15.7G   0.04237   0.07428   0.01905    0.1357        66       640     0.401    0.7245    0.6409    0.4386   0.03767   0.06026   0.01469
   158/299     15.7G   0.04229   0.07442   0.01897    0.1357        92       640    0.4015    0.7253     0.641     0.439   0.03766   0.06024   0.01467
   159/299     15.7G   0.04231   0.07441   0.01888    0.1356        45       640    0.4014    0.7246    0.6409    0.4391   0.03764    0.0602   0.01465
   160/299     15.7G    0.0422   0.07404   0.01884    0.1351        77       640    0.4021    0.7268     0.642    0.4396   0.03762   0.06017   0.01461
   161/299     15.7G    0.0422   0.07418   0.01878    0.1352        76       640    0.4008    0.7266    0.6428    0.4407   0.03761   0.06015   0.01458
   162/299     15.7G   0.04214     0.074   0.01882     0.135        92       640    0.4023    0.7282    0.6433    0.4409   0.03759   0.06013   0.01457
   163/299     15.7G   0.04214   0.07409   0.01863    0.1349        88       640    0.4017    0.7275    0.6435    0.4411   0.03757   0.06011   0.01455
   164/299     15.7G   0.04201   0.07385   0.01863    0.1345       100       640     0.402    0.7281     0.644    0.4415   0.03756   0.06012   0.01454
   165/299     15.7G   0.04196   0.07388   0.01852    0.1344        47       640    0.4022    0.7291    0.6445    0.4422   0.03754   0.06012   0.01453
   166/299     15.7G   0.04193   0.07378   0.01849    0.1342        53       640    0.4022    0.7283    0.6446    0.4423   0.03752   0.06013    0.0145
   167/299     15.7G    0.0419    0.0736   0.01844    0.1339        39       640    0.4027    0.7294    0.6449    0.4427   0.03749   0.06011   0.01448
   168/299     15.7G   0.04187   0.07369   0.01841     0.134       102       640    0.4028    0.7297    0.6453    0.4427   0.03748   0.06009   0.01447
   169/299     15.7G   0.04186   0.07364   0.01832    0.1338        75       640    0.4026    0.7297    0.6452    0.4431   0.03748   0.06008   0.01446
   170/299     15.7G   0.04173   0.07348   0.01823    0.1334        78       640    0.4016    0.7296    0.6452    0.4432   0.03748   0.06008   0.01443
   171/299     15.7G   0.04167    0.0733   0.01817    0.1331        54       640    0.4032    0.7306    0.6447    0.4431   0.03746    0.0601   0.01443
   172/299     15.7G   0.04165   0.07314   0.01815    0.1329        79       640    0.4033    0.7302    0.6457    0.4435   0.03745   0.06011   0.01444
   173/299     15.7G   0.04156   0.07334   0.01805    0.1329        59       640    0.4036    0.7313    0.6458    0.4437   0.03745    0.0601   0.01442
   174/299     15.7G   0.04159   0.07331   0.01799    0.1329        62       640     0.404     0.731    0.6456    0.4437   0.03744   0.06008   0.01442
   175/299     15.7G   0.04155   0.07307   0.01802    0.1326       115       640    0.4046    0.7307    0.6457    0.4441   0.03743   0.06008   0.01441
   176/299     15.7G   0.04146   0.07281    0.0179    0.1322       123       640    0.4047    0.7305    0.6463    0.4445    0.0374   0.06009   0.01441
   177/299     15.7G   0.04142   0.07292    0.0178    0.1321        58       640    0.4032    0.7306    0.6466    0.4445   0.03738   0.06012   0.01441
   178/299     15.7G   0.04137   0.07279   0.01786     0.132       132       640    0.4031    0.7321    0.6475    0.4455   0.03735   0.06011   0.01439
   179/299     15.7G    0.0413   0.07284   0.01771    0.1319        75       640     0.403    0.7326    0.6478    0.4461   0.03732    0.0601   0.01437
   180/299     15.7G   0.04128   0.07263   0.01765    0.1316        70       640    0.4027    0.7329    0.6483    0.4466   0.03729   0.06008   0.01435
   181/299     15.7G   0.04118   0.07251   0.01757    0.1312       121       640    0.4028    0.7338    0.6482    0.4471   0.03727   0.06005   0.01435
   182/299     15.7G   0.04115   0.07258   0.01749    0.1312        74       640     0.403    0.7343     0.649    0.4478   0.03725   0.06003   0.01434
   183/299     15.7G   0.04108   0.07238    0.0175     0.131        69       640    0.4047    0.7347    0.6492    0.4478   0.03725   0.06007   0.01433
   184/299     15.7G   0.04101   0.07237   0.01741    0.1308       120       640    0.4036    0.7351    0.6487    0.4477   0.03723    0.0601   0.01431
   185/299     15.7G   0.04099   0.07205   0.01731    0.1304        49       640    0.4031    0.7351    0.6485    0.4471    0.0372   0.06012    0.0143
   186/299     15.7G   0.04094   0.07208   0.01731    0.1303        95       640    0.4032    0.7361     0.649    0.4473    0.0372   0.06008   0.01429
   187/299     15.7G   0.04088   0.07195   0.01722    0.1301        61       640    0.4027     0.735    0.6483    0.4472   0.03719   0.06004   0.01424
   188/299     15.7G   0.04084   0.07179   0.01716    0.1298        63       640    0.4033     0.735    0.6489    0.4481   0.03718   0.05998   0.01419
   189/299     15.7G   0.04083   0.07204   0.01707    0.1299        80       640    0.4029    0.7349    0.6494    0.4485   0.03717   0.05996   0.01417
   190/299     15.7G   0.04071   0.07172   0.01699    0.1294        68       640    0.4019    0.7347    0.6497    0.4478   0.03716   0.05996   0.01416
   191/299     15.7G   0.04068   0.07166   0.01702    0.1294        71       640    0.4019    0.7351    0.6501    0.4483   0.03715   0.05996   0.01417
   192/299     15.7G   0.04065   0.07141   0.01691     0.129        63       640    0.4039    0.7363    0.6505    0.4486   0.03714   0.05994    0.0142
   193/299     15.7G   0.04059   0.07141    0.0168    0.1288        90       640    0.4037    0.7361     0.651    0.4493   0.03714   0.05995    0.0142
   194/299     15.7G   0.04053   0.07145   0.01676    0.1287       110       640    0.4038    0.7354    0.6507    0.4493   0.03712   0.05998   0.01419
   195/299     15.7G   0.04055   0.07127   0.01672    0.1285        91       640    0.4046     0.735    0.6508    0.4497    0.0371   0.05999   0.01419
   196/299     15.7G   0.04045    0.0711   0.01666    0.1282       125       640    0.4073    0.7366    0.6512    0.4491    0.0371   0.06001   0.01419
   197/299     15.7G   0.04038   0.07095   0.01656    0.1279       106       640    0.4074    0.7374    0.6515    0.4493   0.03708   0.06003   0.01418
   198/299     15.7G   0.04033   0.07092   0.01646    0.1277       119       640    0.4067    0.7363    0.6505    0.4492   0.03708   0.06005   0.01415
   199/299     15.7G   0.04025   0.07095   0.01637    0.1276       130       640     0.407    0.7364    0.6508    0.4493   0.03707   0.06003   0.01413
   200/299     15.7G   0.04028    0.0708   0.01635    0.1274       134       640    0.4085    0.7375    0.6506    0.4491   0.03706   0.06004   0.01412
   201/299     15.7G   0.04018    0.0708   0.01634    0.1273       138       640    0.4094     0.737    0.6506    0.4488   0.03705   0.06007   0.01412
   202/299     15.7G   0.04011   0.07056   0.01625    0.1269       114       640    0.4087    0.7365    0.6509    0.4493   0.03705   0.06011   0.01412
   203/299     15.7G   0.04001   0.07036   0.01618    0.1266        94       640    0.4103    0.7364     0.651      0.45   0.03703   0.06013   0.01412
   204/299     15.7G   0.03999   0.07029   0.01614    0.1264        71       640    0.4106    0.7354    0.6511    0.4497   0.03703   0.06015    0.0141
   205/299     15.7G   0.03991   0.07035   0.01607    0.1263        92       640     0.409    0.7355    0.6516    0.4504   0.03702   0.06015   0.01409
   206/299     15.7G   0.03991   0.07033   0.01595    0.1262       119       640    0.4087    0.7349    0.6516    0.4507   0.03701   0.06016   0.01409
   207/299     15.7G    0.0398   0.07001   0.01584    0.1257        92       640    0.4089     0.735    0.6521    0.4505     0.037    0.0602   0.01409
   208/299     15.7G   0.03975   0.06959   0.01584    0.1252        90       640    0.4116    0.7362    0.6531    0.4509   0.03698   0.06021   0.01406
   209/299     15.7G   0.03975   0.07004   0.01573    0.1255        44       640    0.4109    0.7369    0.6541    0.4523   0.03695    0.0602   0.01405
   210/299     15.7G   0.03971   0.06992   0.01574    0.1254       157       640    0.4101    0.7381    0.6553    0.4532   0.03692   0.06017   0.01402
   211/299     15.7G    0.0396   0.06965   0.01566    0.1249       132       640    0.4096    0.7386    0.6549    0.4535    0.0369   0.06016   0.01401
   212/299     15.7G   0.03948   0.06934   0.01561    0.1244        99       640    0.4107    0.7389    0.6549    0.4534   0.03689   0.06016     0.014
   213/299     15.7G   0.03952   0.06931   0.01557    0.1244        44       640    0.4123    0.7379     0.655    0.4529   0.03688   0.06016     0.014
   214/299     15.7G   0.03941   0.06936   0.01547    0.1242        57       640    0.4142    0.7377    0.6554    0.4534   0.03687   0.06014   0.01398
   215/299     15.7G   0.03943   0.06904   0.01536    0.1238        80       640    0.4135    0.7374    0.6548     0.453   0.03686   0.06017   0.01398
   216/299     15.7G   0.03931   0.06916   0.01536    0.1238       148       640    0.4123    0.7356    0.6541    0.4529   0.03686    0.0602   0.01399
   217/299     15.7G    0.0393   0.06899   0.01526    0.1235       104       640    0.4129    0.7357    0.6532    0.4529   0.03685   0.06022   0.01398
   218/299     15.7G   0.03923   0.06893   0.01524    0.1234        74       640    0.4129    0.7359    0.6534    0.4532   0.03684   0.06023   0.01398
   219/299     15.7G   0.03916   0.06861   0.01519     0.123       102       640    0.4125    0.7369    0.6536    0.4529   0.03683   0.06025     0.014
   220/299     15.7G    0.0391   0.06843   0.01505    0.1226        91       640    0.4113    0.7359    0.6531    0.4528   0.03683   0.06029     0.014
   221/299     15.7G     0.039   0.06851   0.01499    0.1225        67       640    0.4109    0.7352    0.6534    0.4524   0.03682   0.06033     0.014
   222/299     15.7G   0.03897   0.06824   0.01497    0.1222        78       640    0.4116    0.7357    0.6536    0.4524   0.03682   0.06033   0.01401
   223/299     15.7G   0.03893   0.06821   0.01486     0.122       118       640    0.4113    0.7363    0.6536    0.4518    0.0368   0.06037   0.01398
   224/299     15.7G   0.03887   0.06798   0.01485    0.1217        71       640    0.4127     0.737    0.6539    0.4521   0.03678   0.06041   0.01397
   225/299     15.7G    0.0388   0.06794   0.01474    0.1215        45       640     0.412    0.7357    0.6537    0.4516   0.03676   0.06045   0.01395
   226/299     15.7G   0.03875   0.06813   0.01466    0.1215        73       640    0.4131     0.735    0.6535    0.4521   0.03675   0.06048   0.01393
   227/299     15.7G   0.03867   0.06766   0.01461    0.1209        56       640    0.4132     0.735    0.6534    0.4519   0.03675   0.06053   0.01393
   228/299     15.7G   0.03862   0.06751   0.01458    0.1207        42       640    0.4141    0.7354     0.653    0.4514   0.03675   0.06058   0.01395
