     0/299     1.58G   0.08769    0.1209   0.09197    0.3005       254       640   0.06293   0.01126   0.01134  0.003549   0.07763    0.1017   0.07965
     1/299     10.4G   0.07312    0.1205   0.07247    0.2661       202       640    0.1917   0.08329   0.06338   0.02608   0.06859    0.1014   0.06169
     2/299     10.4G   0.06868     0.118   0.06059    0.2473        86       640     0.237    0.1518    0.1137    0.0525   0.06414   0.09814   0.05106
     3/299     10.4G   0.06558    0.1169   0.05385    0.2363       158       640    0.2683    0.2484    0.1915   0.09453   0.06039   0.09474   0.04405
     4/299     10.4G   0.06348    0.1153   0.04957    0.2283       206       640    0.2693    0.3086    0.2368    0.1212   0.05829   0.09334   0.04003
     5/299     10.4G   0.06212    0.1142   0.04706    0.2234       103       640    0.2725    0.3475    0.2675    0.1409   0.05687   0.09212   0.03755
     6/299     10.4G   0.06105    0.1133   0.04507    0.2194       153       640    0.2727     0.376    0.2889    0.1548   0.05586   0.09116   0.03566
     7/299     10.4G   0.06033    0.1122   0.04348     0.216       197       640    0.2735    0.3967    0.3054    0.1654   0.05515   0.09053   0.03449
     8/299     10.4G   0.05981    0.1118    0.0424    0.2141       175       640    0.2777    0.4108    0.3179     0.173   0.05468   0.09006   0.03361
     9/299     10.4G   0.05933    0.1113   0.04158    0.2122       115       640    0.2826    0.4166    0.3254    0.1786   0.05435   0.08973   0.03308
    10/299     10.4G   0.05891    0.1109   0.04074    0.2106       163       640    0.2889    0.4182    0.3308    0.1825    0.0541   0.08945   0.03268
    11/299     10.4G    0.0585    0.1106   0.04013    0.2093       213       640    0.2956    0.4184     0.336    0.1855    0.0539   0.08922   0.03234
    12/299     10.4G   0.05828    0.1102   0.03974    0.2082       121       640    0.3045    0.4194    0.3403    0.1891   0.05372   0.08901   0.03204
    13/299     10.4G   0.05799      0.11    0.0391    0.2071       142       640    0.3131    0.4181    0.3439    0.1915   0.05356   0.08885   0.03175
    14/299     10.4G   0.05789      0.11   0.03867    0.2066       162       640    0.3246    0.4181    0.3483     0.194   0.05342   0.08872   0.03147
    15/299     10.4G   0.05756    0.1097   0.03826    0.2055       209       640    0.3338    0.4179    0.3523    0.1958   0.05328   0.08864    0.0312
    16/299     10.4G   0.05744    0.1091   0.03797    0.2045       212       640    0.3424    0.4163    0.3555     0.198   0.05315   0.08856   0.03092
    17/299     10.4G   0.05726     0.109   0.03758    0.2038       173       640    0.3504    0.4157    0.3592    0.2002   0.05301    0.0885   0.03066
    18/299     10.4G   0.05709    0.1088   0.03737    0.2032       248       640    0.3566    0.4161     0.363    0.2026   0.05287   0.08842   0.03038
    19/299     10.4G   0.05703    0.1089   0.03718    0.2031       228       640    0.3618    0.4172    0.3668    0.2053   0.05271   0.08832   0.03011
    20/299     10.4G   0.05686    0.1087   0.03702    0.2026       185       640    0.3685    0.4189     0.371    0.2077   0.05256    0.0882   0.02984
    21/299     10.4G   0.05676    0.1084   0.03671    0.2019       280       640    0.3738    0.4201     0.374    0.2104    0.0524   0.08809   0.02959
    22/299     10.4G   0.05661    0.1086   0.03648    0.2016       164       640    0.3785    0.4235     0.378    0.2131   0.05224   0.08798   0.02934
    23/299     10.4G   0.05654    0.1082   0.03628    0.2011       144       640    0.3798    0.4267    0.3826     0.216   0.05208   0.08783   0.02909
    24/299     10.4G    0.0564     0.108   0.03611    0.2005       185       640    0.3798    0.4314    0.3863    0.2185   0.05191   0.08763   0.02884
    25/299     10.4G    0.0563     0.108   0.03601    0.2003       199       640    0.3817    0.4367     0.391    0.2211   0.05174   0.08742   0.02858
    26/299     10.4G   0.05626     0.108   0.03586    0.2002       198       640    0.3826    0.4414    0.3958    0.2239   0.05158   0.08719   0.02833
    27/299     10.4G   0.05611    0.1079   0.03574    0.1997       157       640    0.3814    0.4452    0.4001    0.2266   0.05142   0.08699    0.0281
    28/299     10.4G   0.05613    0.1079   0.03557    0.1996       256       640    0.3812    0.4488    0.4031    0.2287   0.05128    0.0868   0.02789
    29/299     10.4G   0.05595    0.1076   0.03543     0.199       228       640    0.3799    0.4518    0.4067    0.2309   0.05115   0.08661   0.02769
    30/299     10.4G   0.05594    0.1076    0.0353    0.1988       166       640    0.3827    0.4564    0.4095    0.2333   0.05103   0.08643   0.02749
    31/299     10.4G   0.05589    0.1074   0.03521    0.1985       213       640    0.3857    0.4611    0.4124    0.2359    0.0509   0.08626    0.0273
    32/299     10.4G   0.05578    0.1074   0.03507    0.1983       102       640    0.3808    0.4652    0.4149    0.2378   0.05077   0.08611   0.02713
    33/299     10.4G   0.05573    0.1071     0.035    0.1978       190       640     0.379    0.4688    0.4173    0.2396   0.05067   0.08597   0.02695
    34/299     10.4G   0.05568    0.1074   0.03485     0.198       193       640    0.3788    0.4723      0.42    0.2412   0.05056   0.08581   0.02678
    35/299     10.4G   0.05559    0.1073   0.03481    0.1977       190       640    0.3763    0.4768    0.4225    0.2436   0.05046   0.08566   0.02665
    36/299     10.4G   0.05558    0.1072   0.03474    0.1975       271       640    0.3717      0.48    0.4246    0.2454   0.05036   0.08553   0.02653
    37/299     10.4G    0.0555    0.1072   0.03455    0.1973       222       640    0.3693    0.4821    0.4262    0.2466   0.05027   0.08542    0.0264
    38/299     10.4G   0.05546    0.1072   0.03444    0.1971       134       640    0.3666    0.4856    0.4284    0.2478   0.05018   0.08531   0.02627
    39/299     10.4G   0.05548     0.107   0.03444     0.197       125       640    0.3659    0.4887      0.43    0.2497    0.0501    0.0852   0.02615
    40/299     10.4G    0.0553    0.1071   0.03439    0.1967       209       640    0.3635    0.4915    0.4321    0.2513   0.05002    0.0851   0.02603
    41/299     10.4G   0.05529    0.1071   0.03419    0.1966       157       640     0.362    0.4939    0.4336    0.2526   0.04995   0.08499   0.02593
    42/299     10.4G   0.05533    0.1071   0.03415    0.1966       137       640    0.3617     0.497     0.435    0.2538   0.04987   0.08492   0.02582
    43/299     10.4G   0.05517    0.1069   0.03415    0.1962       177       640    0.3613    0.4987    0.4367    0.2546   0.04981   0.08484   0.02572
    44/299     10.4G    0.0551    0.1064   0.03397    0.1955       183       640    0.3613    0.5022    0.4385    0.2564   0.04975   0.08475   0.02561
    45/299     10.4G   0.05514    0.1068   0.03397    0.1959       148       640    0.3623    0.5047    0.4397     0.257   0.04969   0.08466   0.02551
    46/299     10.4G    0.0551    0.1062   0.03397    0.1953       161       640    0.3604     0.506    0.4409    0.2579   0.04963    0.0846   0.02541
    47/299     10.4G   0.05505     0.107   0.03382    0.1959       232       640    0.3581     0.508    0.4423    0.2587   0.04957   0.08451   0.02534
    48/299     10.4G   0.05495    0.1065   0.03374    0.1952       212       640    0.3573    0.5108     0.444    0.2596   0.04952   0.08441   0.02527
    49/299     10.4G   0.05495    0.1067    0.0337    0.1953       200       640    0.3561     0.512    0.4448    0.2606   0.04947   0.08435    0.0252
    50/299     10.4G    0.0549    0.1065   0.03364     0.195       173       640    0.3562    0.5145    0.4465    0.2618   0.04942   0.08429   0.02514
    51/299     10.4G   0.05485    0.1062   0.03357    0.1946       144       640    0.3565    0.5167     0.447    0.2623   0.04938   0.08422   0.02508
    52/299     10.4G   0.05479    0.1065   0.03349    0.1948       188       640    0.3569    0.5199    0.4487    0.2634   0.04933   0.08417   0.02502
    53/299     10.4G   0.05477    0.1064   0.03346    0.1946       174       640    0.3562    0.5216    0.4499     0.264   0.04929   0.08412   0.02495
    54/299     10.4G   0.05473    0.1065    0.0333    0.1945       180       640     0.356    0.5226    0.4513    0.2649   0.04926   0.08405   0.02489
    55/299     10.4G   0.05472    0.1061   0.03344    0.1942       126       640    0.3562    0.5248    0.4529    0.2656   0.04922     0.084   0.02484
    56/299     10.4G   0.05461    0.1061   0.03326     0.194       179       640    0.3549    0.5256    0.4532    0.2662   0.04918   0.08396    0.0248
    57/299     10.4G   0.05459    0.1062   0.03324     0.194       220       640    0.3547    0.5269     0.454    0.2667   0.04914   0.08391   0.02475
    58/299     10.4G   0.05464    0.1065   0.03311    0.1942       205       640    0.3537    0.5276    0.4547    0.2671    0.0491    0.0839   0.02469
    59/299     10.4G   0.05456     0.106   0.03316    0.1938       168       640    0.3547    0.5294    0.4558     0.268   0.04907   0.08387   0.02464
    60/299     10.4G   0.05455     0.106   0.03309    0.1936       264       640    0.3539      0.53    0.4565    0.2686   0.04903   0.08386   0.02459
    61/299     10.4G   0.05446    0.1062   0.03299    0.1937       203       640    0.3543     0.532    0.4571     0.269   0.04899   0.08382   0.02453
    62/299     10.4G   0.05451    0.1058   0.03303    0.1933       201       640    0.3535    0.5338    0.4582    0.2699   0.04895   0.08376   0.02445
    63/299     10.4G   0.05442     0.106   0.03299    0.1934       121       640    0.3538    0.5358     0.459    0.2703   0.04891   0.08375   0.02443
    64/299     10.4G   0.05431    0.1057   0.03286    0.1929       190       640    0.3524    0.5347    0.4595    0.2709   0.04888   0.08371   0.02441
    65/299     10.4G    0.0543    0.1059   0.03282     0.193       135       640    0.3512    0.5351    0.4596    0.2715   0.04885   0.08365   0.02438
    66/299     10.4G   0.05431    0.1058   0.03287     0.193       208       640    0.3512    0.5354    0.4599     0.272   0.04881   0.08359   0.02434
    67/299     10.4G   0.05426    0.1057   0.03272    0.1926       184       640    0.3514    0.5365    0.4607    0.2722   0.04877   0.08356   0.02428
    68/299     10.4G    0.0543    0.1056   0.03269    0.1926       196       640    0.3505    0.5361    0.4609    0.2726   0.04874   0.08352   0.02424
    69/299     10.4G   0.05415    0.1055   0.03273    0.1924       116       640    0.3631    0.5388    0.4623    0.2737    0.0487   0.08349    0.0242
    70/299     10.4G   0.05416    0.1056   0.03261    0.1923       205       640    0.3635    0.5392    0.4631    0.2744   0.04867   0.08346   0.02415
    71/299     10.4G   0.05416    0.1057   0.03254    0.1924       200       640    0.3627    0.5412    0.4638     0.275   0.04865   0.08343    0.0241
    72/299     10.4G   0.05406    0.1055   0.03246     0.192       182       640    0.3638    0.5435    0.4644    0.2753   0.04863   0.08342   0.02406
    73/299     10.4G    0.0541    0.1057   0.03243    0.1923       191       640    0.3631    0.5437    0.4654     0.276   0.04861   0.08337   0.02401
    74/299     10.4G   0.05402    0.1055   0.03235    0.1918       132       640    0.3641    0.5442     0.466    0.2766    0.0486   0.08333   0.02395
    75/299     10.4G   0.05405    0.1054   0.03239    0.1919       158       640    0.3647    0.5455    0.4668     0.277   0.04857   0.08329   0.02391
    76/299     10.4G   0.05393    0.1054    0.0323    0.1917       176       640    0.3631    0.5471    0.4676    0.2781   0.04854   0.08325   0.02386
    77/299     10.4G   0.05397    0.1053   0.03218    0.1915       115       640    0.3611    0.5468    0.4683    0.2783   0.04851   0.08323   0.02379
    78/299     10.4G   0.05396    0.1055   0.03229    0.1918       219       640    0.3622    0.5492    0.4693    0.2789   0.04848   0.08318   0.02374
    79/299     10.4G    0.0539    0.1057   0.03213    0.1917       234       640    0.3614      0.55    0.4707    0.2795   0.04846   0.08315   0.02371
    80/299     10.4G   0.05383    0.1054   0.03215    0.1914       190       640    0.3614    0.5505    0.4713    0.2802   0.04843   0.08309   0.02369
    81/299     10.4G   0.05379    0.1054   0.03208    0.1913       189       640    0.3612    0.5508     0.472    0.2809    0.0484   0.08306   0.02367
    82/299     10.4G   0.05383    0.1052   0.03216    0.1912       212       640    0.3599    0.5501     0.472    0.2808   0.04837   0.08305   0.02362
    83/299     10.4G   0.05382    0.1055   0.03201    0.1914       224       640      0.36    0.5515    0.4731    0.2815   0.04833   0.08301   0.02358
    84/299     10.4G    0.0538    0.1053   0.03196    0.1911       189       640    0.3603    0.5521    0.4748    0.2821    0.0483   0.08297   0.02352
    85/299     10.4G   0.05374    0.1049   0.03195    0.1906       238       640    0.3598    0.5525    0.4749     0.282   0.04828   0.08295   0.02349
    86/299     10.4G   0.05369    0.1051   0.03193    0.1907       159       640    0.3607    0.5522    0.4752    0.2824   0.04826   0.08292   0.02346
    87/299     10.4G   0.05371    0.1052   0.03189    0.1908       224       640      0.36    0.5537    0.4757    0.2832   0.04824   0.08288   0.02343
    88/299     10.4G   0.05364     0.105   0.03175    0.1904       150       640    0.3591    0.5549    0.4758    0.2835   0.04822   0.08288   0.02339
    89/299     10.4G   0.05358    0.1048   0.03181    0.1902       143       640    0.3588    0.5555    0.4761    0.2833   0.04821   0.08288   0.02337
    90/299     10.4G   0.05355     0.105   0.03181    0.1903       198       640    0.3577    0.5563    0.4757    0.2833   0.04819   0.08288   0.02333
    91/299     10.4G   0.05354    0.1049   0.03168    0.1901       226       640    0.3578    0.5573    0.4765    0.2834   0.04818   0.08283   0.02331
    92/299     10.4G   0.05343     0.105   0.03153      0.19       224       640    0.3579    0.5563    0.4766    0.2836   0.04816    0.0828   0.02328
    93/299     10.4G    0.0535    0.1047   0.03159    0.1898       282       640    0.3582    0.5574    0.4767    0.2841   0.04814    0.0828   0.02327
    94/299     10.4G   0.05342    0.1049   0.03154    0.1898       212       640    0.3554    0.5572    0.4771    0.2845   0.04811   0.08277   0.02325
    95/299     10.4G   0.05344    0.1047    0.0315    0.1897       166       640     0.356    0.5582    0.4777    0.2848   0.04808   0.08276   0.02321
    96/299     10.4G   0.05341    0.1049    0.0316    0.1899       180       640    0.3571    0.5591    0.4777    0.2854   0.04806   0.08274   0.02318
    97/299     10.4G   0.05338    0.1048   0.03145    0.1897       143       640    0.3565    0.5587    0.4783     0.286   0.04802   0.08272   0.02314
    98/299     10.4G   0.05336     0.105   0.03133    0.1897       147       640    0.3554    0.5593    0.4792    0.2864   0.04798   0.08271   0.02312
    99/299     10.4G   0.05328    0.1047   0.03127    0.1892       175       640    0.3545    0.5618    0.4803    0.2868   0.04795   0.08269   0.02312
   100/299     10.4G   0.05333    0.1048   0.03127    0.1894       150       640    0.3561    0.5628     0.481    0.2873   0.04792   0.08265    0.0231
   101/299     10.4G   0.05324    0.1046   0.03115     0.189       118       640     0.356    0.5628    0.4809    0.2875    0.0479   0.08261   0.02308
   102/299     10.4G   0.05321    0.1044   0.03127    0.1888       147       640    0.3555    0.5635    0.4824    0.2885   0.04788   0.08255   0.02305
   103/299     10.4G   0.05319    0.1045   0.03114    0.1888       248       640    0.3547    0.5634    0.4824    0.2887   0.04785   0.08253   0.02302
   104/299     10.4G   0.05315    0.1043   0.03112    0.1886       202       640    0.3538    0.5652    0.4834    0.2891   0.04783   0.08251     0.023
   105/299     10.4G   0.05312    0.1047   0.03114     0.189       180       640    0.3549    0.5651    0.4836    0.2898   0.04781   0.08249   0.02296
   106/299     10.4G   0.05311    0.1044   0.03106    0.1885       200       640    0.3544    0.5661    0.4848    0.2905   0.04779   0.08247   0.02294
   107/299     10.4G   0.05309    0.1046   0.03096    0.1886       174       640    0.3545    0.5655    0.4854    0.2911   0.04777   0.08244   0.02291
   108/299     10.4G   0.05303    0.1043   0.03088    0.1882       170       640     0.355    0.5663    0.4855    0.2915   0.04775    0.0824   0.02288
   109/299     10.4G     0.053    0.1044   0.03093    0.1884       152       640     0.355    0.5662    0.4862    0.2921   0.04773   0.08236   0.02285
   110/299     10.4G   0.05293    0.1045   0.03094    0.1884       200       640    0.3559    0.5664    0.4865    0.2922   0.04772   0.08235   0.02282
   111/299     10.4G   0.05295    0.1046   0.03081    0.1884       229       640    0.3548    0.5657    0.4861    0.2928    0.0477   0.08234   0.02281
   112/299     10.4G    0.0529    0.1043   0.03072     0.188       150       640    0.3545    0.5669    0.4869    0.2929   0.04769   0.08235   0.02277
   113/299     10.4G   0.05285     0.104   0.03072    0.1876       174       640    0.3551    0.5669    0.4866     0.293   0.04767   0.08231   0.02275
   114/299     10.4G   0.05282    0.1038   0.03066    0.1873       174       640    0.3533    0.5661    0.4863     0.293   0.04765   0.08228   0.02272
   115/299     10.4G   0.05277    0.1042   0.03062    0.1876       151       640    0.3524    0.5678    0.4869    0.2929   0.04763   0.08224   0.02269
   116/299     10.4G   0.05283    0.1042   0.03057    0.1876       242       640    0.3588    0.5694    0.4881    0.2938   0.04762   0.08221   0.02263
   117/299     10.4G   0.05281    0.1041   0.03053    0.1874       169       640    0.3539    0.5706    0.4881    0.2939    0.0476   0.08218   0.02262
   118/299     10.4G   0.05269    0.1038   0.03055     0.187       171       640    0.3544    0.5708    0.4881    0.2947   0.04757   0.08216   0.02261
   119/299     10.4G   0.05271    0.1042   0.03051    0.1874       213       640    0.3551    0.5732    0.4894    0.2954   0.04755   0.08215    0.0226
   120/299     10.4G   0.05268    0.1041   0.03043    0.1872       136       640    0.3544    0.5735    0.4896    0.2959   0.04754   0.08213   0.02258
   121/299     10.4G   0.05272    0.1039   0.03037     0.187       194       640    0.3547    0.5737    0.4894    0.2957   0.04752   0.08211   0.02258
   122/299     10.4G   0.05259    0.1039    0.0304    0.1869       215       640    0.3533    0.5743    0.4902    0.2959   0.04751   0.08211   0.02255
   123/299     10.4G   0.05253    0.1038   0.03034    0.1867       219       640    0.3542    0.5735    0.4907    0.2964    0.0475    0.0821   0.02252
   124/299     10.4G   0.05256    0.1035    0.0302    0.1863       116       640    0.3541     0.573    0.4917    0.2966   0.04747   0.08209    0.0225
   125/299     10.4G   0.05249    0.1038   0.03025    0.1866       152       640    0.3558    0.5728    0.4924    0.2965   0.04746    0.0821   0.02248
   126/299     10.4G   0.05248    0.1037   0.03016    0.1864       111       640    0.3587    0.5753    0.4929    0.2969   0.04744   0.08208   0.02245
   127/299     10.4G   0.05255    0.1037   0.03006    0.1863       129       640    0.3577     0.575     0.493    0.2975   0.04743   0.08205   0.02242
   128/299     10.4G   0.05242    0.1037   0.03017    0.1863       195       640    0.3575    0.5747    0.4934    0.2978   0.04741   0.08203   0.02241
   129/299     10.4G   0.05237    0.1032      0.03    0.1856       195       640    0.3605    0.5761    0.4939    0.2988    0.0474     0.082    0.0224
   130/299     10.4G   0.05235    0.1035      0.03    0.1858       171       640     0.357    0.5751    0.4939    0.2982   0.04738     0.082   0.02237
   131/299     10.4G   0.05228    0.1034   0.02996    0.1857       189       640    0.3609    0.5786    0.4943    0.2986   0.04737   0.08199   0.02235
   132/299     10.4G    0.0523    0.1036   0.02987    0.1858       158       640    0.3594    0.5789    0.4947    0.2991   0.04734   0.08197   0.02235
   133/299     10.4G   0.05226    0.1032   0.02983    0.1853       168       640    0.3584    0.5794     0.495    0.2994   0.04732   0.08196   0.02234
   134/299     10.4G   0.05221    0.1038   0.02979    0.1858       221       640    0.3589    0.5805    0.4955    0.3001   0.04731   0.08193   0.02231
   135/299     10.4G   0.05226    0.1034   0.02976    0.1854       231       640    0.3575      0.58    0.4958    0.3002    0.0473   0.08191   0.02229
   136/299     10.4G   0.05222    0.1034   0.02975    0.1854       151       640     0.359    0.5824    0.4975    0.3006   0.04728   0.08189   0.02227
   137/299     10.4G    0.0522    0.1036   0.02976    0.1855       213       640     0.359    0.5822    0.4976    0.3007   0.04727   0.08185   0.02227
   138/299     10.4G   0.05215    0.1033   0.02964    0.1851       188       640     0.359    0.5822    0.4976     0.301   0.04725    0.0818   0.02224
   139/299     10.4G   0.05213    0.1036   0.02964    0.1854       257       640    0.3599    0.5817     0.498    0.3014   0.04723   0.08174   0.02221
   140/299     10.4G    0.0521     0.103   0.02966    0.1847       121       640    0.3603    0.5828    0.4987    0.3019   0.04721    0.0817   0.02217
   141/299     10.4G   0.05202     0.103   0.02952    0.1846       165       640    0.3593    0.5812     0.498    0.3022    0.0472   0.08171   0.02214
   142/299     10.4G   0.05198    0.1029   0.02942    0.1843       255       640    0.3599    0.5822    0.4984    0.3023   0.04719    0.0817   0.02212
   143/299     10.4G   0.05195    0.1031   0.02938    0.1844        87       640    0.3588    0.5824    0.4989    0.3024   0.04718    0.0817   0.02208
   144/299     10.4G   0.05191    0.1032   0.02926    0.1843       170       640    0.3581    0.5817     0.499    0.3025   0.04716   0.08171   0.02204
   145/299     10.4G   0.05191    0.1026   0.02929    0.1838       118       640    0.3581    0.5835       0.5    0.3024   0.04714   0.08168   0.02201
   146/299     10.4G   0.05188     0.103   0.02915     0.184       194       640    0.3575    0.5835       0.5    0.3025   0.04712   0.08166     0.022
   147/299     10.4G   0.05187    0.1029   0.02919    0.1839       184       640    0.3573    0.5846    0.5006    0.3031   0.04711   0.08163   0.02197
   148/299     10.4G   0.05185    0.1028    0.0292    0.1839       206       640    0.3565    0.5846    0.5007    0.3034    0.0471    0.0816   0.02196
   149/299     10.4G    0.0518    0.1027   0.02908    0.1836       176       640    0.3551    0.5842    0.5012    0.3037   0.04709   0.08155   0.02196
   150/299     10.4G   0.05175    0.1026   0.02907    0.1834       243       640    0.3553    0.5848    0.5015    0.3041   0.04707   0.08152   0.02195
   151/299     10.4G   0.05168    0.1027   0.02899    0.1834       200       640    0.3543    0.5845    0.5017    0.3048   0.04706   0.08151   0.02192
   152/299     10.4G   0.05167    0.1026   0.02899    0.1832       195       640    0.3545    0.5859    0.5021    0.3046   0.04705   0.08145   0.02191
   153/299     10.4G    0.0517    0.1026   0.02888    0.1832       180       640    0.3545    0.5868    0.5029    0.3052   0.04704   0.08143    0.0219
   154/299     10.4G   0.05163    0.1026    0.0289    0.1831       226       640    0.3553    0.5886    0.5033    0.3054   0.04703   0.08141    0.0219
   155/299     10.4G   0.05162    0.1026   0.02881     0.183       166       640    0.3553    0.5898    0.5038    0.3059     0.047   0.08139    0.0219
   156/299     10.4G   0.05157    0.1028   0.02882    0.1831       150       640    0.3562    0.5906    0.5042    0.3066   0.04697   0.08137   0.02189
   157/299     10.4G   0.05152    0.1026   0.02868    0.1828       205       640    0.3562    0.5902    0.5042    0.3067   0.04695   0.08134   0.02187
   158/299     10.4G   0.05152    0.1027   0.02863    0.1828       235       640    0.3566    0.5901    0.5036    0.3069   0.04694    0.0813   0.02184
   159/299     10.4G   0.05148    0.1024    0.0286    0.1825       222       640    0.3563     0.591    0.5041    0.3072   0.04692    0.0813    0.0218
   160/299     10.4G   0.05143    0.1022   0.02855    0.1822       236       640    0.3573    0.5922    0.5048    0.3077   0.04689   0.08133   0.02177
   161/299     10.4G   0.05135    0.1021   0.02852    0.1819       167       640    0.3558    0.5925    0.5053    0.3079   0.04688   0.08132   0.02176
   162/299     10.4G   0.05135    0.1022   0.02852     0.182       222       640    0.3562    0.5929    0.5055    0.3081   0.04686   0.08132   0.02173
   163/299     10.4G   0.05133    0.1022   0.02844     0.182       215       640    0.3553    0.5919     0.506    0.3084   0.04684   0.08131    0.0217
   164/299     10.4G   0.05128    0.1021   0.02845    0.1819       181       640    0.3559    0.5928    0.5064    0.3084   0.04683   0.08132   0.02168
   165/299     10.4G   0.05134    0.1022   0.02836    0.1819       169       640    0.3559    0.5944    0.5066     0.309   0.04682   0.08129   0.02164
   166/299     10.4G   0.05123    0.1018   0.02836    0.1814       209       640    0.3554    0.5947    0.5072    0.3089   0.04681   0.08128   0.02163
   167/299     10.4G   0.05117     0.102   0.02827    0.1814       214       640     0.355    0.5951    0.5071    0.3093    0.0468   0.08127   0.02162
   168/299     10.4G   0.05113    0.1017   0.02815    0.1809       221       640    0.3552    0.5939    0.5071    0.3093   0.04679   0.08126   0.02161
   169/299     10.4G   0.05115    0.1017   0.02819    0.1811       201       640     0.355    0.5943     0.508    0.3097   0.04678   0.08125   0.02158
   170/299     10.4G    0.0511    0.1018   0.02802    0.1809       181       640    0.3562    0.5949    0.5083    0.3099   0.04677   0.08122   0.02157
   171/299     10.4G   0.05106     0.102   0.02818    0.1812       199       640    0.3556    0.5945    0.5086    0.3101   0.04675   0.08117   0.02155
   172/299     10.4G   0.05098    0.1017    0.0279    0.1806       135       640     0.355    0.5947    0.5078    0.3101   0.04673   0.08115   0.02152
   173/299     10.4G   0.05092    0.1016    0.0279    0.1805       217       640    0.3542    0.5947    0.5083    0.3105   0.04671   0.08114   0.02149
   174/299     10.4G   0.05097    0.1015   0.02786    0.1803       213       640    0.3517    0.5972    0.5089    0.3104   0.04669   0.08112   0.02147
   175/299     10.4G   0.05091    0.1018   0.02784    0.1806       168       640    0.3523    0.5974    0.5098    0.3112   0.04667   0.08111   0.02145
   176/299     10.4G   0.05089    0.1018   0.02784    0.1805       163       640    0.3518     0.597    0.5104    0.3112   0.04666    0.0811   0.02143
   177/299     10.4G   0.05082    0.1013   0.02775    0.1798       147       640    0.3521    0.5977    0.5109    0.3117   0.04663   0.08107   0.02143
   178/299     10.4G   0.05073    0.1014   0.02765    0.1798       183       640    0.3525    0.5979    0.5105    0.3124   0.04662   0.08104   0.02141
   179/299     10.4G   0.05071    0.1014   0.02763    0.1798       208       640    0.3523    0.5989    0.5108    0.3124   0.04661   0.08103   0.02141
   180/299     10.4G   0.05069    0.1012   0.02758    0.1795       222       640    0.3515    0.5983    0.5113    0.3125   0.04659   0.08101   0.02139
   181/299     10.4G   0.05068    0.1015   0.02758    0.1798       174       640    0.3529    0.5998    0.5123    0.3125   0.04658   0.08102   0.02137
   182/299     10.4G   0.05065     0.101    0.0275    0.1792       161       640    0.3537    0.6007    0.5126     0.313   0.04656   0.08099   0.02137
   183/299     10.4G   0.05061    0.1014   0.02738    0.1794       239       640    0.3537    0.6017    0.5129    0.3134   0.04655   0.08098   0.02136
   184/299     10.4G    0.0506    0.1013   0.02742    0.1793       189       640    0.3526    0.6008    0.5133    0.3131   0.04653   0.08098   0.02133
   185/299     10.4G    0.0506    0.1011   0.02735     0.179       243       640    0.3521    0.6016    0.5136    0.3135   0.04651   0.08096    0.0213
   186/299     10.4G   0.05047    0.1008   0.02725    0.1786       117       640    0.3519    0.5999    0.5133    0.3139   0.04649   0.08092   0.02127
   187/299     10.4G   0.05047    0.1014   0.02726    0.1791       177       640    0.3529    0.6013    0.5129    0.3137   0.04648   0.08089   0.02126
   188/299     10.4G   0.05051    0.1011   0.02725    0.1789       176       640    0.3541    0.6012    0.5139    0.3144   0.04647   0.08086   0.02123
   189/299     10.4G   0.05042     0.101    0.0272    0.1786       190       640    0.3559    0.6008    0.5144    0.3151   0.04645   0.08083    0.0212
   190/299     10.4G   0.05039    0.1007   0.02701    0.1781       146       640    0.3557     0.602    0.5147    0.3152   0.04643   0.08077   0.02117
   191/299     10.4G   0.05038    0.1009   0.02699    0.1783       165       640    0.3549    0.6023    0.5151    0.3156   0.04643   0.08073   0.02114
   192/299     10.4G   0.05031    0.1007   0.02694     0.178       157       640     0.355    0.6016     0.516    0.3171   0.04643   0.08069    0.0211
   193/299     10.4G    0.0503    0.1006   0.02687    0.1778       249       640    0.3564     0.603    0.5171    0.3179   0.04641   0.08067   0.02106
   194/299     10.4G   0.05024    0.1005   0.02685    0.1775       160       640     0.357     0.605    0.5176    0.3178   0.04639   0.08064   0.02102
   195/299     10.4G   0.05019    0.1006   0.02678    0.1776       214       640    0.3583    0.6052    0.5178    0.3183   0.04636   0.08064   0.02099
   196/299     10.4G   0.05016    0.1004   0.02675    0.1773       192       640    0.3593    0.6074    0.5185    0.3183   0.04634   0.08061   0.02098
   197/299     10.4G   0.05017    0.1004   0.02678    0.1774       130       640    0.3593    0.6057    0.5184    0.3185   0.04632   0.08058   0.02097
   198/299     10.4G   0.05006    0.1006   0.02664    0.1773       159       640    0.3575    0.6056    0.5186    0.3186   0.04631   0.08055   0.02095
   199/299     10.4G   0.05005    0.1005    0.0266    0.1771       203       640    0.3579    0.6065    0.5195    0.3193    0.0463   0.08053   0.02094
   200/299     10.4G   0.04999    0.1004   0.02663     0.177       224       640    0.3564    0.6064     0.519    0.3196   0.04629    0.0805   0.02093
   201/299     10.4G    0.0499    0.1004   0.02649    0.1768       219       640    0.3562    0.6048    0.5194    0.3198   0.04628   0.08049   0.02092
   202/299     10.4G   0.04996    0.1004   0.02641    0.1768       130       640    0.3555    0.6044    0.5196    0.3197   0.04626   0.08047   0.02091
   203/299     10.4G   0.04992    0.1002   0.02634    0.1765       275       640    0.3552    0.6051    0.5199    0.3203   0.04625   0.08045   0.02087
   204/299     10.4G   0.04986    0.1001   0.02636    0.1763       204       640    0.3549    0.6049      0.52    0.3201   0.04624   0.08047   0.02083
   205/299     10.4G   0.04977   0.09997   0.02632    0.1761       175       640    0.3562    0.6066      0.52      0.32   0.04621   0.08047   0.02079
   206/299     10.4G    0.0498       0.1   0.02622     0.176       145       640    0.3566    0.6068      0.52    0.3202    0.0462    0.0805   0.02076
   207/299     10.4G   0.04979    0.0999   0.02615    0.1758       247       640    0.3571    0.6066    0.5203    0.3204   0.04618   0.08049   0.02074
   208/299     10.4G   0.04968   0.09989   0.02606    0.1756       163       640    0.3576    0.6078    0.5212    0.3205   0.04617   0.08046   0.02071
   209/299     10.4G   0.04965   0.09984   0.02599    0.1755       164       640    0.3566    0.6086     0.521    0.3208   0.04615   0.08044   0.02068
   210/299     10.4G   0.04962    0.1001   0.02596    0.1757       179       640    0.3565    0.6085    0.5209    0.3205   0.04614   0.08045   0.02067
   211/299     10.4G   0.04952   0.09974   0.02595    0.1752       142       640    0.3559    0.6088    0.5212    0.3206   0.04612   0.08046   0.02067
   212/299     10.4G   0.04957   0.09943   0.02578    0.1748       199       640    0.3557    0.6088    0.5219     0.321    0.0461   0.08045   0.02067
   213/299     10.4G   0.04948   0.09953   0.02578    0.1748       186       640    0.3566    0.6106    0.5229    0.3215   0.04608   0.08043   0.02067
   214/299     10.4G    0.0495   0.09958   0.02575    0.1748       168       640    0.3559    0.6091    0.5227    0.3215   0.04607   0.08042   0.02066
   215/299     10.4G   0.04941   0.09953   0.02575    0.1747       210       640    0.3555    0.6097    0.5233    0.3218   0.04606    0.0804   0.02066
   216/299     10.4G   0.04939   0.09943   0.02559    0.1744       167       640    0.3555    0.6113     0.524    0.3225   0.04605   0.08039   0.02063
   217/299     10.4G   0.04935   0.09916   0.02553     0.174       163       640    0.3553    0.6116    0.5246    0.3226   0.04603   0.08034   0.02061
   218/299     10.4G   0.04932   0.09944   0.02549    0.1742       213       640    0.3565    0.6131     0.525    0.3231   0.04601   0.08027   0.02058
   219/299     10.4G   0.04935   0.09943    0.0256    0.1744       196       640    0.3572    0.6129    0.5248    0.3233     0.046   0.08021   0.02058
   220/299     10.4G   0.04925   0.09894   0.02538    0.1736       209       640    0.3558    0.6108    0.5242    0.3237   0.04598   0.08017   0.02056
   221/299     10.4G   0.04923   0.09903   0.02538    0.1736       174       640    0.3549     0.611    0.5246    0.3237   0.04597   0.08013   0.02053
   222/299     10.4G   0.04912   0.09909   0.02537    0.1736       188       640    0.3568    0.6129    0.5251    0.3243   0.04597    0.0801   0.02051
   223/299     10.4G   0.04913   0.09877   0.02521    0.1731       182       640    0.3563    0.6134    0.5257    0.3248   0.04596   0.08009   0.02048
   224/299     10.4G   0.04913   0.09913   0.02523    0.1735       134       640    0.3563    0.6134    0.5261    0.3253   0.04594   0.08006   0.02044
   225/299     10.4G   0.04902   0.09884   0.02516     0.173       188       640    0.3555     0.614    0.5266    0.3257   0.04592   0.08006   0.02043
   226/299     10.4G   0.04905   0.09897   0.02519    0.1732       164       640    0.3551    0.6141    0.5278    0.3263    0.0459   0.08007    0.0204
   227/299     10.4G   0.04901   0.09858   0.02506    0.1727       178       640    0.3559    0.6156    0.5279    0.3263    0.0459   0.08007   0.02037
   228/299     10.4G   0.04894   0.09877   0.02495    0.1727       179       640    0.3573    0.6166    0.5279    0.3264   0.04589   0.08009   0.02034
   229/299     10.4G   0.04888   0.09853   0.02492    0.1723       183       640    0.3571    0.6172    0.5283    0.3269   0.04587   0.08008   0.02034
   230/299     10.4G   0.04891   0.09875   0.02485    0.1725       224       640    0.3568    0.6167     0.528    0.3272   0.04585   0.08008   0.02033
   231/299     10.4G   0.04881   0.09833    0.0249     0.172       171       640    0.3573    0.6165    0.5289    0.3273   0.04584   0.08007   0.02032
   232/299     10.4G   0.04884   0.09855   0.02474    0.1721       188       640    0.3572    0.6167    0.5294    0.3278   0.04583   0.08006   0.02032
   233/299     10.4G   0.04874   0.09839   0.02464    0.1718       125       640     0.358    0.6175    0.5293    0.3281   0.04582   0.08004   0.02032
   234/299     10.4G   0.04879   0.09838   0.02468    0.1718       157       640    0.3556    0.6164    0.5291    0.3285   0.04581   0.08002   0.02028
   235/299     10.4G   0.04864   0.09813   0.02461    0.1714       271       640    0.3541    0.6178    0.5294    0.3286    0.0458   0.08001   0.02026
   236/299     10.4G   0.04864   0.09792    0.0246    0.1712       192       640    0.3549     0.618    0.5294    0.3287   0.04579      0.08   0.02026
   237/299     10.4G   0.04859   0.09775   0.02451    0.1709       231       640    0.3556    0.6192    0.5294     0.329   0.04577   0.07999   0.02026
   238/299     10.4G   0.04864   0.09815   0.02451    0.1713       235       640    0.3553    0.6189    0.5296    0.3293   0.04576   0.07996   0.02025
   239/299     10.4G   0.04858   0.09801    0.0244     0.171       137       640     0.355    0.6184    0.5301    0.3292   0.04576   0.07996   0.02028
   240/299     10.4G   0.04851   0.09796   0.02434    0.1708       163       640    0.3555     0.618    0.5305    0.3293   0.04575   0.07998   0.02029
   241/299     10.4G   0.04843   0.09791   0.02426    0.1706       189       640    0.3551    0.6182    0.5302    0.3292   0.04574   0.07997   0.02028
   242/299     10.4G   0.04843    0.0981   0.02427    0.1708       212       640    0.3558    0.6193    0.5307    0.3297   0.04572   0.07995   0.02026
   243/299     10.4G   0.04845   0.09782   0.02422    0.1705       175       640    0.3581    0.6209    0.5314    0.3307   0.04571   0.07993   0.02026
   244/299     10.4G   0.04833   0.09761    0.0242    0.1701       198       640    0.3583    0.6215    0.5317    0.3306   0.04569   0.07993   0.02023
   245/299     10.4G   0.04836   0.09774   0.02409    0.1702       174       640    0.3591    0.6228    0.5316    0.3299   0.04568    0.0799    0.0202
   246/299     10.4G   0.04823   0.09757   0.02395    0.1698       152       640    0.3583    0.6213    0.5317    0.3307   0.04567   0.07987   0.02017
   247/299     10.4G   0.04831    0.0975   0.02406    0.1699       135       640    0.3572    0.6213    0.5314    0.3306   0.04566   0.07986   0.02015
   248/299     10.4G   0.04826   0.09747   0.02398    0.1697       190       640    0.3575    0.6227     0.532    0.3308   0.04565   0.07986   0.02014
   249/299     10.4G   0.04816   0.09738   0.02389    0.1694       175       640    0.3569    0.6227    0.5319     0.331   0.04563   0.07986   0.02013
   250/299     10.4G   0.04817   0.09745   0.02381    0.1694       171       640    0.3566    0.6222    0.5322    0.3313   0.04562   0.07985    0.0201
   251/299     10.4G   0.04817   0.09744   0.02385    0.1695       158       640    0.3582    0.6227    0.5327    0.3315   0.04561   0.07981   0.02007
   252/299     10.4G   0.04807   0.09716   0.02381     0.169       174       640    0.3573    0.6236     0.533    0.3316   0.04559    0.0798   0.02005
   253/299     10.4G   0.04808   0.09722   0.02372     0.169       165       640    0.3577    0.6227    0.5328    0.3317   0.04558   0.07979   0.02004
   254/299     10.4G   0.04802   0.09729   0.02365     0.169       147       640    0.3562    0.6228    0.5334    0.3318   0.04557   0.07977   0.02002
   255/299     10.4G   0.04803   0.09714   0.02366    0.1688       147       640    0.3556     0.622    0.5343    0.3322   0.04556   0.07975   0.01999
   256/299     10.4G   0.04791   0.09672   0.02349    0.1681       203       640    0.3566    0.6234    0.5347    0.3325   0.04555   0.07974   0.01998
   257/299     10.4G   0.04793   0.09676   0.02351    0.1682       171       640    0.3571    0.6233     0.535    0.3325   0.04554   0.07972   0.01996
   258/299     10.4G   0.04783   0.09699   0.02341    0.1682       209       640    0.3574    0.6242    0.5357    0.3334   0.04552    0.0797   0.01993
   259/299     10.4G   0.04788   0.09679   0.02335     0.168       188       640    0.3571    0.6226    0.5351     0.333   0.04549    0.0797   0.01991
   260/299     10.4G   0.04787   0.09685   0.02339    0.1681       183       640    0.3568    0.6241    0.5356    0.3342   0.04547   0.07973    0.0199
   261/299     10.4G   0.04773   0.09661   0.02331    0.1677       103       640     0.357    0.6237    0.5354    0.3341   0.04546   0.07973    0.0199
   262/299     10.4G   0.04779    0.0967   0.02327    0.1678       156       640    0.3552    0.6232    0.5354    0.3338   0.04544   0.07972    0.0199
   263/299     10.4G   0.04778   0.09654   0.02331    0.1676       121       640    0.3564    0.6243    0.5365    0.3345   0.04543   0.07974   0.01989
   264/299     10.4G   0.04776   0.09685   0.02319    0.1678       131       640    0.3561    0.6255     0.536    0.3342   0.04543   0.07972    0.0199
   265/299     10.4G   0.04775    0.0966   0.02322    0.1676       189       640     0.356    0.6247    0.5364    0.3342   0.04542    0.0797    0.0199
   266/299     10.4G   0.04767   0.09657   0.02319    0.1674       193       640    0.3569    0.6249    0.5368    0.3346   0.04542   0.07968   0.01991
   267/299     10.4G   0.04763   0.09633   0.02309    0.1671       195       640    0.3582    0.6266    0.5378    0.3345   0.04542   0.07967   0.01993
   268/299     10.4G   0.04757   0.09669   0.02308    0.1673       161       640    0.3572    0.6269    0.5374    0.3354   0.04541   0.07965   0.01995
   269/299     10.4G   0.04758   0.09632   0.02308     0.167       174       640    0.3583     0.628    0.5383    0.3362   0.04541   0.07962   0.01993
   270/299     10.4G   0.04751   0.09613   0.02297    0.1666       184       640    0.3591     0.629    0.5387     0.336    0.0454    0.0796   0.01991
   271/299     10.4G   0.04757   0.09606   0.02302    0.1667       174       640    0.3581    0.6275    0.5377    0.3357    0.0454   0.07958   0.01991
   272/299     10.4G   0.04747   0.09617   0.02285    0.1665       158       640    0.3578    0.6294    0.5379    0.3357    0.0454   0.07959   0.01989
   273/299     10.4G   0.04752   0.09621   0.02297    0.1667       226       640    0.3573    0.6277    0.5379    0.3357    0.0454   0.07955   0.01988
   274/299     10.4G   0.04747    0.0962   0.02292    0.1666       201       640    0.3562    0.6276    0.5371    0.3351   0.04539   0.07955   0.01988
   275/299     10.4G   0.04741   0.09596   0.02288    0.1662       249       640    0.3574    0.6292    0.5376    0.3353   0.04538   0.07954   0.01987
   276/299     10.4G   0.04739   0.09602   0.02275    0.1662       136       640    0.3589    0.6286     0.538    0.3354   0.04538   0.07955   0.01986
   277/299     10.4G   0.04736   0.09634   0.02271    0.1664       127       640    0.3583    0.6282    0.5374    0.3357   0.04537   0.07954   0.01986
   278/299     10.4G   0.04737   0.09582   0.02267    0.1659       159       640    0.3576    0.6268    0.5381    0.3358   0.04535   0.07952   0.01985
   279/299     10.4G   0.04731   0.09609   0.02274    0.1662       127       640     0.358     0.627    0.5374    0.3356   0.04534   0.07952   0.01985
   280/299     10.4G   0.04732   0.09579   0.02268    0.1658       177       640    0.3589    0.6286    0.5384    0.3358   0.04534    0.0795   0.01986
   281/299     10.4G   0.04732   0.09589   0.02269    0.1659       178       640     0.358    0.6294    0.5382    0.3359   0.04534   0.07949   0.01987
   282/299     10.4G   0.04728   0.09576   0.02264    0.1657        95       640     0.358    0.6284    0.5394    0.3359   0.04533   0.07949   0.01986
   283/299     10.4G   0.04727    0.0958   0.02253    0.1656       115       640    0.3585    0.6284    0.5398    0.3366   0.04532   0.07948   0.01984
   284/299     10.4G   0.04725   0.09587   0.02258    0.1657       179       640    0.3588    0.6291    0.5397    0.3366   0.04532   0.07948   0.01982
   285/299     10.4G   0.04727   0.09549   0.02256    0.1653       167       640    0.3586    0.6297      0.54    0.3369   0.04532   0.07949    0.0198
   286/299     10.4G   0.04731   0.09577   0.02242    0.1655       200       640    0.3586    0.6297    0.5398    0.3371   0.04531    0.0795   0.01978
   287/299     10.4G    0.0472   0.09583   0.02245    0.1655       161       640    0.3583    0.6294      0.54     0.337   0.04529   0.07951   0.01978
   288/299     10.4G   0.04722   0.09528   0.02243    0.1649       211       640    0.3593    0.6307    0.5403    0.3369   0.04528   0.07951   0.01977
   289/299     10.4G   0.04726   0.09548   0.02257    0.1653       213       640    0.3591    0.6299    0.5402    0.3366   0.04527   0.07952   0.01975
   290/299     10.4G   0.04723   0.09554   0.02247    0.1652       218       640    0.3586    0.6289    0.5405    0.3371   0.04527   0.07955   0.01973
   291/299     10.4G   0.04722   0.09538   0.02251    0.1651       173       640    0.3583    0.6281    0.5397    0.3365   0.04527   0.07956   0.01972
   292/299     10.4G   0.04718    0.0955   0.02247    0.1651       143       640     0.359    0.6297    0.5399    0.3368   0.04527   0.07955   0.01972
   293/299     10.4G   0.04715   0.09534    0.0225     0.165       159       640    0.3588    0.6299    0.5406    0.3377   0.04526   0.07954    0.0197
   294/299     10.4G   0.04716    0.0956   0.02244    0.1652       271       640    0.3581    0.6305    0.5404    0.3384   0.04525   0.07953   0.01969
   295/299     10.4G   0.04712   0.09561   0.02243    0.1652       110       640    0.3575    0.6304    0.5409     0.338   0.04525   0.07954   0.01969
   296/299     10.4G   0.04715   0.09546   0.02237     0.165       145       640    0.3554    0.6305    0.5404    0.3376   0.04524   0.07956   0.01969
   297/299     10.4G   0.04721   0.09569   0.02243    0.1653       122       640    0.3554    0.6306    0.5407    0.3379   0.04523   0.07955   0.01969
   298/299     10.4G   0.04719   0.09558   0.02235    0.1651       199       640    0.3554     0.631    0.5406    0.3375   0.04524   0.07955   0.01969
   299/299     10.4G   0.04716   0.09562   0.02245    0.1652       132       640    0.3559    0.6312    0.5498    0.3517   0.04524   0.07956   0.01968
