     0/299     5.07G    0.0869   0.07129   0.09005    0.2482       176       640   0.08191   0.01758   0.01655  0.006008   0.07551   0.06259   0.07643
     1/299     14.6G   0.07105   0.07031   0.06782    0.2092       163       640       0.3    0.1134    0.1017   0.04565   0.06579   0.05953   0.05628
     2/299     14.6G   0.06601   0.06835   0.05545    0.1898       112       640    0.3068    0.2285    0.1879   0.09254   0.05999   0.05736   0.04393
     3/299     14.6G   0.06257   0.06704   0.04859    0.1782       168       640    0.2616    0.3564    0.2706    0.1447   0.05593   0.05564   0.03728
     4/299     14.6G   0.06013   0.06582   0.04412    0.1701       190       640    0.2824    0.4072    0.3181    0.1769   0.05379   0.05434   0.03376
     5/299     14.6G   0.05858   0.06517    0.0414    0.1651       203       640    0.2847    0.4397    0.3447    0.1945   0.05255   0.05361   0.03175
     6/299     14.6G   0.05754   0.06468   0.03966    0.1619       241       640    0.2887    0.4593    0.3617    0.2068   0.05175   0.05312   0.03054
     7/299     14.6G   0.05666   0.06399   0.03809    0.1587       204       640    0.2925    0.4661    0.3727    0.2148   0.05125   0.05278   0.02982
     8/299     14.6G     0.056    0.0635   0.03706    0.1566       198       640    0.3018    0.4711    0.3815    0.2201   0.05088    0.0525   0.02926
     9/299     14.6G   0.05554   0.06324   0.03614    0.1549       162       640    0.3096    0.4721    0.3886    0.2251   0.05056   0.05226   0.02877
    10/299     14.6G   0.05505   0.06292   0.03541    0.1534       212       640     0.326    0.4739    0.3955    0.2298   0.05027   0.05204   0.02832
    11/299     14.6G   0.05469   0.06266   0.03477    0.1521       186       640    0.3386    0.4739    0.4023    0.2342   0.04999   0.05186   0.02787
    12/299     14.6G   0.05432   0.06228   0.03415    0.1508       232       640     0.352    0.4752    0.4085    0.2387   0.04971    0.0517   0.02742
    13/299     14.6G   0.05402   0.06221   0.03375      0.15       156       640    0.3647    0.4787     0.416    0.2436   0.04944   0.05153   0.02698
    14/299     14.6G   0.05378   0.06195   0.03332     0.149       129       640    0.3719    0.4814    0.4224    0.2485   0.04916   0.05137   0.02654
    15/299     14.6G   0.05357   0.06168   0.03293    0.1482       193       640    0.3801    0.4845    0.4289    0.2535   0.04887   0.05122   0.02611
    16/299     14.6G   0.05338   0.06167   0.03263    0.1477       165       640    0.3826    0.4893    0.4347    0.2581   0.04859   0.05106   0.02572
    17/299     14.6G   0.05312    0.0616   0.03218    0.1469       202       640    0.3864    0.4946    0.4405    0.2626   0.04831   0.05086   0.02532
    18/299     14.6G   0.05297   0.06128   0.03195    0.1462       187       640    0.3869    0.4978    0.4461    0.2671   0.04802   0.05066   0.02495
    19/299     14.6G   0.05282    0.0611   0.03171    0.1456       190       640    0.3879    0.5042    0.4511    0.2712   0.04775   0.05049   0.02461
    20/299     14.6G   0.05277    0.0612   0.03148    0.1454       201       640     0.388    0.5099    0.4572    0.2754    0.0475   0.05031   0.02428
    21/299     14.6G   0.05256   0.06089    0.0313    0.1447       137       640    0.3866    0.5156    0.4623    0.2788   0.04727   0.05012   0.02397
    22/299     14.6G   0.05237   0.06096   0.03108    0.1444       158       640    0.3852    0.5226     0.468     0.283   0.04706   0.04993   0.02366
    23/299     14.6G   0.05232   0.06076   0.03089     0.144       165       640    0.3848    0.5292    0.4717    0.2865   0.04685   0.04976   0.02341
    24/299     14.6G   0.05219   0.06056   0.03084    0.1436       233       640    0.3843    0.5371    0.4757      0.29   0.04666    0.0496   0.02318
    25/299     14.6G   0.05207   0.06067   0.03046    0.1432       159       640    0.3833    0.5418    0.4796    0.2932   0.04649   0.04945   0.02296
    26/299     14.6G   0.05198   0.06039    0.0304    0.1428       170       640    0.3815    0.5488    0.4838    0.2956   0.04633   0.04933   0.02277
    27/299     14.6G   0.05186   0.06057   0.03021    0.1426       155       640    0.3801    0.5528    0.4873    0.2986   0.04619    0.0492   0.02257
    28/299     14.6G   0.05174   0.06038   0.03005    0.1422       177       640    0.3794    0.5586    0.4905    0.3009   0.04605   0.04909   0.02238
    29/299     14.6G   0.05175   0.06038   0.02989     0.142       176       640     0.379    0.5635    0.4937     0.303   0.04591   0.04899   0.02218
    30/299     14.6G   0.05165   0.06001    0.0298    0.1415       163       640    0.3776    0.5655    0.4958    0.3051   0.04579   0.04891   0.02203
    31/299     14.6G    0.0516   0.06011   0.02976    0.1415       193       640    0.3762    0.5699    0.4981    0.3071   0.04568   0.04882   0.02189
    32/299     14.6G   0.05153   0.06006   0.02956    0.1411       190       640     0.375    0.5722    0.4999    0.3082   0.04558   0.04874   0.02176
    33/299     14.6G   0.05139   0.06007   0.02949    0.1409       187       640     0.374    0.5755    0.5029    0.3104   0.04549   0.04865   0.02163
    34/299     14.6G   0.05131   0.05985   0.02937    0.1405       198       640    0.3717    0.5772    0.5049    0.3122    0.0454   0.04859   0.02152
    35/299     14.6G    0.0513   0.05994   0.02927    0.1405       196       640    0.3721    0.5796    0.5069    0.3141   0.04532   0.04852   0.02142
    36/299     14.6G   0.05116   0.05985   0.02918    0.1402       270       640    0.3711    0.5823    0.5086    0.3153   0.04523   0.04846   0.02133
    37/299     14.6G   0.05117   0.05986   0.02904    0.1401       184       640    0.3701    0.5851    0.5107    0.3171   0.04516   0.04841   0.02125
    38/299     14.6G   0.05104   0.05979   0.02899    0.1398       217       640    0.3695     0.588    0.5129    0.3183   0.04508   0.04836   0.02116
    39/299     14.6G   0.05101   0.05977   0.02895    0.1397       227       640    0.3679    0.5905     0.514    0.3193   0.04502    0.0483   0.02108
    40/299     14.6G   0.05095   0.05962   0.02882    0.1394       176       640    0.3677    0.5926    0.5154    0.3209   0.04495   0.04825   0.02101
    41/299     14.6G   0.05094   0.05966   0.02875    0.1393       214       640    0.3797    0.5961    0.5172    0.3229   0.04488   0.04819   0.02095
    42/299     14.6G   0.05085   0.05965   0.02874    0.1392       152       640    0.3793    0.5987    0.5192    0.3241   0.04484   0.04813   0.02086
    43/299     14.6G   0.05079   0.05962   0.02844    0.1389       152       640    0.3655    0.5992    0.5193    0.3247   0.04478   0.04807   0.02079
    44/299     14.6G   0.05072   0.05951   0.02848    0.1387       208       640    0.3644    0.6012    0.5211    0.3258   0.04472   0.04802   0.02072
    45/299     14.6G   0.05068   0.05964   0.02836    0.1387       232       640     0.377    0.6048    0.5226     0.327   0.04468   0.04798   0.02066
    46/299     14.6G   0.05064    0.0594   0.02845    0.1385       125       640    0.3764    0.6045    0.5241    0.3278   0.04463   0.04793    0.0206
    47/299     14.6G   0.05059   0.05938   0.02833    0.1383       176       640    0.3749    0.6068    0.5257    0.3293   0.04458   0.04788   0.02054
    48/299     14.6G    0.0506   0.05933   0.02828    0.1382       195       640    0.3754    0.6094    0.5282    0.3308   0.04453   0.04785    0.0205
    49/299     14.6G   0.05045   0.05921   0.02805    0.1377       185       640    0.3739    0.6105    0.5295    0.3323   0.04449    0.0478   0.02044
    50/299     14.6G   0.05042    0.0593   0.02813    0.1379       145       640    0.3742    0.6121    0.5305    0.3327   0.04443   0.04777   0.02038
    51/299     14.6G   0.05042   0.05939   0.02802    0.1378       155       640    0.3739    0.6121    0.5325    0.3342   0.04437   0.04774   0.02034
    52/299     14.6G   0.05031   0.05916   0.02797    0.1374       120       640     0.375    0.6142     0.533    0.3349   0.04433   0.04771   0.02027
    53/299     14.6G   0.05031   0.05939   0.02789    0.1376       190       640    0.3756     0.617    0.5337    0.3351   0.04428   0.04767   0.02021
    54/299     14.6G   0.05022   0.05915   0.02777    0.1371       213       640    0.3762     0.617    0.5352    0.3366   0.04424   0.04763   0.02017
    55/299     14.6G   0.05021   0.05908   0.02784    0.1371       164       640    0.3749    0.6177    0.5354    0.3371    0.0442    0.0476   0.02011
    56/299     14.6G   0.05017   0.05906   0.02772    0.1369       193       640    0.3737    0.6191    0.5374    0.3383   0.04417   0.04758   0.02006
    57/299     14.6G   0.05015   0.05898   0.02761    0.1367       239       640    0.3724    0.6186    0.5378    0.3397   0.04413   0.04757   0.02002
    58/299     14.6G    0.0501   0.05912   0.02764    0.1369       133       640    0.3721    0.6198    0.5382      0.34    0.0441   0.04756   0.01997
    59/299     14.6G   0.05004   0.05909   0.02761    0.1367       119       640    0.3758    0.6229    0.5395    0.3413   0.04406   0.04756   0.01993
    60/299     14.6G   0.05005   0.05893    0.0275    0.1365       202       640     0.375    0.6262      0.54    0.3418   0.04403   0.04754   0.01988
    61/299     14.6G   0.04995   0.05911   0.02739    0.1365       259       640     0.373    0.6243    0.5397     0.342   0.04399    0.0475   0.01983
    62/299     14.6G   0.04993   0.05881   0.02745    0.1362       192       640     0.372    0.6249    0.5413    0.3433   0.04394   0.04746   0.01977
    63/299     14.6G   0.04988   0.05892   0.02737    0.1362       208       640    0.3705    0.6251    0.5423    0.3435    0.0439   0.04743   0.01974
    64/299     14.6G   0.04988   0.05885   0.02729     0.136       159       640    0.3714     0.625    0.5436    0.3439   0.04387    0.0474   0.01971
    65/299     14.6G   0.04977   0.05863   0.02716    0.1356       160       640    0.3719    0.6249    0.5441    0.3451   0.04384    0.0474    0.0197
    66/299     14.6G   0.04979   0.05879   0.02723    0.1358       152       640    0.3731    0.6262    0.5447    0.3451   0.04381   0.04738   0.01967
    67/299     14.6G   0.04971   0.05877   0.02711    0.1356       211       640    0.3733    0.6262    0.5454    0.3462   0.04377   0.04736   0.01961
    68/299     14.6G   0.04972    0.0588   0.02699    0.1355       255       640    0.3729    0.6265    0.5462    0.3469   0.04373   0.04731   0.01955
    69/299     14.6G   0.04961   0.05863   0.02694    0.1352       208       640    0.3731     0.628    0.5466    0.3471   0.04371   0.04728    0.0195
    70/299     14.6G   0.04961   0.05841   0.02697     0.135       113       640    0.3738    0.6288    0.5466    0.3474   0.04366   0.04725   0.01948
    71/299     14.6G   0.04954   0.05874   0.02692    0.1352       127       640    0.3726    0.6307    0.5475    0.3481   0.04362   0.04722   0.01945
    72/299     14.6G   0.04953   0.05853   0.02692     0.135       196       640     0.373    0.6327    0.5482    0.3486   0.04361   0.04719   0.01942
    73/299     14.6G   0.04949   0.05854   0.02676    0.1348       157       640    0.3738    0.6337    0.5487    0.3493   0.04358   0.04717   0.01938
    74/299     14.6G   0.04944   0.05854   0.02677    0.1348       179       640     0.373    0.6348    0.5493    0.3497   0.04354   0.04715   0.01933
    75/299     14.6G   0.04947   0.05864   0.02682    0.1349       187       640    0.3731    0.6351    0.5498    0.3499    0.0435   0.04715    0.0193
    76/299     14.6G   0.04934   0.05839   0.02657    0.1343       188       640    0.3729    0.6361    0.5504    0.3508   0.04348   0.04711   0.01926
    77/299     14.6G   0.04934   0.05843   0.02663    0.1344       164       640    0.3767    0.6362    0.5513    0.3507   0.04345    0.0471   0.01921
    78/299     14.6G   0.04928   0.05853   0.02652    0.1343       173       640    0.3763    0.6358     0.552    0.3515   0.04342   0.04708   0.01917
    79/299     14.6G   0.04928   0.05835   0.02657    0.1342       167       640    0.3773    0.6362    0.5522    0.3517   0.04341   0.04705   0.01914
    80/299     14.6G   0.04926   0.05837   0.02653    0.1342       165       640    0.3749    0.6358    0.5524     0.352   0.04338   0.04704   0.01908
    81/299     14.6G   0.04925    0.0583   0.02643     0.134       227       640    0.3728    0.6374    0.5531    0.3525   0.04335   0.04703   0.01905
    82/299     14.6G    0.0492    0.0583   0.02638    0.1339       132       640    0.3749    0.6384    0.5534    0.3533   0.04333   0.04701   0.01904
    83/299     14.6G   0.04918   0.05838   0.02639     0.134       165       640    0.3763    0.6402    0.5552    0.3542   0.04331   0.04697   0.01901
    84/299     14.6G   0.04911   0.05828    0.0263    0.1337       188       640    0.3745    0.6404    0.5548    0.3542   0.04328   0.04694   0.01897
    85/299     14.6G   0.04913   0.05837    0.0263    0.1338       162       640     0.374    0.6415    0.5557    0.3547   0.04326   0.04694   0.01895
    86/299     14.6G   0.04908   0.05833   0.02616    0.1336       181       640     0.372    0.6411    0.5558     0.355   0.04323   0.04692   0.01892
    87/299     14.6G     0.049   0.05811    0.0261    0.1332       201       640    0.3708    0.6426    0.5564    0.3554   0.04319    0.0469   0.01889
    88/299     14.6G   0.04899   0.05804   0.02619    0.1332       218       640    0.3713    0.6436    0.5574    0.3559   0.04318   0.04688   0.01888
    89/299     14.6G   0.04892   0.05804   0.02615    0.1331       293       640    0.3706    0.6422    0.5581    0.3567   0.04317   0.04687   0.01887
    90/299     14.6G    0.0489   0.05811     0.026     0.133       167       640    0.3721    0.6443    0.5589    0.3573   0.04316   0.04687   0.01888
    91/299     14.6G   0.04895   0.05825   0.02598    0.1332       137       640    0.3757    0.6449    0.5592    0.3574   0.04313   0.04685   0.01884
    92/299     14.6G   0.04882   0.05802   0.02584    0.1327       203       640    0.3763    0.6452    0.5593    0.3583   0.04309   0.04683    0.0188
    93/299     14.6G   0.04886   0.05796   0.02589    0.1327       188       640    0.3746     0.646    0.5602    0.3591   0.04306   0.04682   0.01877
    94/299     14.6G   0.04884   0.05793    0.0258    0.1326       152       640    0.3761    0.6471    0.5611    0.3594   0.04304   0.04677   0.01875
    95/299     14.6G   0.04882   0.05811   0.02592    0.1329       136       640    0.3777    0.6501    0.5619    0.3608     0.043   0.04674   0.01871
    96/299     14.6G   0.04868   0.05787   0.02575    0.1323       191       640    0.3764    0.6494    0.5622    0.3607   0.04299   0.04674   0.01869
    97/299     14.6G   0.04867   0.05814   0.02562    0.1324       159       640    0.3781    0.6509    0.5633    0.3604   0.04296   0.04673   0.01868
    98/299     14.6G   0.04871   0.05786    0.0257    0.1323       194       640    0.3772    0.6506    0.5632     0.361   0.04294   0.04673   0.01866
    99/299     14.6G    0.0486   0.05788    0.0256    0.1321       169       640    0.3757    0.6498     0.564    0.3613   0.04293   0.04671   0.01863
   100/299     14.6G   0.04865   0.05795   0.02565    0.1323       130       640    0.3753    0.6508     0.564    0.3611   0.04292   0.04672   0.01862
   101/299     14.6G   0.04859   0.05789   0.02549     0.132       159       640     0.375    0.6492     0.563    0.3611    0.0429   0.04671    0.0186
   102/299     14.6G   0.04853    0.0578   0.02545    0.1318       131       640    0.3752    0.6494     0.563    0.3618   0.04288    0.0467   0.01857
   103/299     14.6G   0.04845   0.05775   0.02538    0.1316       176       640    0.3746    0.6498    0.5634    0.3618   0.04287   0.04669   0.01855
   104/299     14.6G   0.04848   0.05782   0.02537    0.1317       136       640    0.3743    0.6509     0.564    0.3619   0.04285   0.04669   0.01851
   105/299     14.6G   0.04843   0.05768   0.02541    0.1315       176       640    0.3752    0.6522    0.5645    0.3624   0.04283   0.04669   0.01847
   106/299     14.6G   0.04835   0.05782   0.02525    0.1314       202       640    0.3748    0.6525    0.5653     0.363   0.04282   0.04667   0.01842
   107/299     14.6G   0.04838   0.05777   0.02527    0.1314       139       640    0.3742    0.6537     0.566    0.3629   0.04281   0.04662   0.01839
   108/299     14.6G   0.04829    0.0575    0.0252     0.131       146       640    0.3742    0.6523    0.5661    0.3633   0.04277   0.04658   0.01836
   109/299     14.6G   0.04827   0.05761   0.02516     0.131       204       640    0.3736     0.653     0.567    0.3639   0.04275   0.04658   0.01833
   110/299     14.6G   0.04826   0.05781   0.02515    0.1312       239       640    0.3731    0.6532    0.5682    0.3647   0.04272   0.04658    0.0183
   111/299     14.6G   0.04824    0.0575   0.02507    0.1308       312       640    0.3735    0.6537    0.5679    0.3651    0.0427   0.04657   0.01829
   112/299     14.6G   0.04818   0.05759   0.02511    0.1309       165       640    0.3736    0.6536    0.5676    0.3652   0.04267   0.04656   0.01828
   113/299     14.6G   0.04814   0.05755     0.025    0.1307       163       640    0.3738    0.6545     0.567    0.3649   0.04265   0.04657   0.01828
   114/299     14.6G    0.0481   0.05744     0.025    0.1305       248       640    0.3728    0.6543    0.5676    0.3652   0.04263   0.04656   0.01829
   115/299     14.6G   0.04807   0.05746   0.02482    0.1304       232       640     0.374    0.6554    0.5673     0.365   0.04262   0.04655   0.01826
   116/299     14.6G   0.04804   0.05732   0.02481    0.1302       192       640    0.3736    0.6547    0.5679    0.3655   0.04259   0.04652   0.01823
   117/299     14.6G   0.04796   0.05747    0.0248    0.1302       157       640    0.3751    0.6576    0.5681    0.3658   0.04257   0.04649   0.01823
   118/299     14.6G   0.04798   0.05736   0.02472    0.1301       171       640     0.376    0.6563    0.5683    0.3662   0.04255   0.04646   0.01821
   119/299     14.6G   0.04789   0.05736   0.02463    0.1299       213       640    0.3766    0.6588    0.5698    0.3669   0.04252   0.04644   0.01817
   120/299     14.6G    0.0479   0.05726   0.02461    0.1298       344       640    0.3768    0.6604    0.5707    0.3678   0.04251   0.04644   0.01814
   121/299     14.6G   0.04788   0.05734   0.02463    0.1299       141       640    0.3781    0.6598    0.5719    0.3685    0.0425   0.04643   0.01807
   122/299     14.6G   0.04775   0.05721   0.02456    0.1295       236       640    0.3791    0.6607    0.5718    0.3686   0.04248   0.04642   0.01804
   123/299     14.6G   0.04779    0.0573   0.02449    0.1296       200       640    0.3778    0.6605    0.5718    0.3688   0.04246   0.04641   0.01803
   124/299     14.6G   0.04779   0.05722   0.02445    0.1295       152       640    0.3777    0.6622    0.5721     0.369   0.04243    0.0464     0.018
   125/299     14.6G   0.04775   0.05719   0.02442    0.1294       220       640    0.3761    0.6598    0.5721    0.3696   0.04241   0.04637   0.01801
   126/299     14.6G   0.04772   0.05705   0.02443    0.1292       144       640    0.3784    0.6613    0.5729    0.3698    0.0424   0.04635   0.01799
   127/299     14.6G   0.04762   0.05699   0.02437     0.129       158       640    0.3792    0.6603    0.5728      0.37   0.04238   0.04634   0.01797
   128/299     14.6G   0.04762   0.05698   0.02421    0.1288       133       640    0.3786    0.6608    0.5722    0.3699   0.04236   0.04632   0.01795
   129/299     14.6G   0.04752   0.05713   0.02421    0.1289       263       640      0.38    0.6621    0.5728    0.3701   0.04234   0.04633   0.01792
   130/299     14.6G   0.04753    0.0571    0.0242    0.1288       131       640    0.3789    0.6631    0.5738    0.3705    0.0423   0.04632   0.01788
   131/299     14.6G   0.04751   0.05681   0.02409    0.1284       190       640    0.3781    0.6626    0.5739    0.3707   0.04227   0.04632   0.01785
   132/299     14.6G   0.04745   0.05686   0.02406    0.1284       142       640    0.3808    0.6645    0.5739    0.3706   0.04224   0.04632   0.01785
   133/299     14.6G   0.04746   0.05678   0.02402    0.1283       204       640    0.3804    0.6645    0.5745    0.3714   0.04222   0.04629   0.01783
   134/299     14.6G   0.04744   0.05695   0.02398    0.1284       174       640    0.3785    0.6635    0.5749    0.3719   0.04221   0.04629   0.01781
   135/299     14.6G   0.04737   0.05687   0.02382    0.1281        91       640    0.3794    0.6643    0.5762    0.3726   0.04219   0.04627   0.01776
   136/299     14.6G   0.04723   0.05689   0.02367    0.1278       173       640    0.3801    0.6638    0.5762    0.3731   0.04217   0.04623   0.01777
   137/299     14.6G   0.04726   0.05671    0.0238    0.1278       181       640    0.3813     0.666    0.5778    0.3737   0.04215    0.0462   0.01775
   138/299     14.6G   0.04726    0.0566   0.02381    0.1277       159       640    0.3821    0.6682    0.5789    0.3742   0.04212   0.04619   0.01773
   139/299     14.6G   0.04722   0.05671   0.02364    0.1276       260       640     0.382    0.6684    0.5791    0.3743   0.04211   0.04619   0.01771
   140/299     14.6G   0.04721   0.05665   0.02368    0.1275       254       640    0.3822    0.6688    0.5797    0.3754   0.04209   0.04617   0.01768
   141/299     14.6G   0.04713   0.05669   0.02361    0.1274       162       640     0.381    0.6696    0.5803    0.3756   0.04207   0.04617   0.01764
   142/299     14.6G   0.04705   0.05652   0.02353    0.1271       134       640    0.3802    0.6695      0.58    0.3764   0.04207   0.04618   0.01763
   143/299     14.6G   0.04707   0.05648   0.02345     0.127       149       640    0.3815    0.6699     0.581    0.3767   0.04206   0.04618   0.01762
   144/299     14.6G   0.04696   0.05652   0.02338    0.1269       203       640    0.3817    0.6701     0.582    0.3774   0.04204   0.04618    0.0176
   145/299     14.6G   0.04695   0.05643   0.02335    0.1267       169       640    0.3815    0.6696     0.582    0.3774   0.04202   0.04619   0.01756
   146/299     14.6G   0.04695   0.05653   0.02338    0.1269       159       640    0.3813    0.6674    0.5818    0.3773   0.04198   0.04617   0.01752
   147/299     14.6G   0.04685   0.05653   0.02323    0.1266       163       640    0.3806    0.6687    0.5821    0.3778   0.04195   0.04614    0.0175
   148/299     14.6G   0.04691   0.05646   0.02332    0.1267       186       640    0.3805    0.6691    0.5828     0.379   0.04194   0.04612   0.01747
   149/299     14.6G   0.04683   0.05633   0.02319    0.1263       136       640    0.3805    0.6702    0.5828    0.3792   0.04192    0.0461   0.01746
   150/299     14.6G   0.04679    0.0564   0.02315    0.1263       161       640    0.3811    0.6704     0.583    0.3798    0.0419    0.0461   0.01744
   151/299     14.6G   0.04676   0.05635   0.02308    0.1262       240       640    0.3806    0.6691    0.5828    0.3798    0.0419   0.04609   0.01741
   152/299     14.6G   0.04671   0.05624   0.02302     0.126       214       640    0.3822    0.6685    0.5826    0.3794   0.04188    0.0461    0.0174
   153/299     14.6G   0.04663   0.05623     0.023    0.1259       148       640    0.3826    0.6704    0.5835    0.3801   0.04186   0.04609   0.01735
   154/299     14.6G   0.04667     0.056    0.0229    0.1256       211       640    0.3819     0.672    0.5838    0.3806   0.04184   0.04609   0.01732
   155/299     14.6G   0.04657   0.05609   0.02286    0.1255       159       640    0.3812    0.6714    0.5842    0.3808   0.04181   0.04608   0.01727
   156/299     14.6G    0.0465   0.05617   0.02279    0.1255       246       640    0.3814    0.6722    0.5857     0.382   0.04179   0.04605   0.01724
   157/299     14.6G   0.04648   0.05593   0.02272    0.1251       224       640    0.3827    0.6726    0.5859    0.3821   0.04175   0.04604   0.01721
   158/299     14.6G   0.04645   0.05604   0.02261    0.1251       253       640     0.383    0.6743    0.5859    0.3823   0.04173   0.04601    0.0172
   159/299     14.6G   0.04643   0.05592   0.02268     0.125       162       640    0.3833    0.6745    0.5867    0.3826   0.04172     0.046    0.0172
   160/299     14.6G   0.04639   0.05595   0.02256    0.1249       180       640    0.3833    0.6753    0.5862    0.3818   0.04171   0.04599   0.01721
   161/299     14.6G   0.04637   0.05595   0.02251    0.1248       162       640    0.3834    0.6764    0.5862    0.3824    0.0417   0.04597   0.01723
   162/299     14.6G   0.04632   0.05592   0.02253    0.1248       167       640    0.3835    0.6767    0.5856    0.3824    0.0417   0.04597   0.01722
   163/299     14.6G   0.04616   0.05604   0.02234    0.1245       149       640     0.385     0.679    0.5861    0.3819   0.04168   0.04595   0.01722
   164/299     14.6G    0.0462   0.05581   0.02231    0.1243       177       640    0.3837    0.6784    0.5864    0.3828   0.04166   0.04595   0.01722
   165/299     14.6G   0.04621   0.05583   0.02222    0.1243       238       640    0.3836    0.6778    0.5865    0.3827   0.04165   0.04594    0.0172
   166/299     14.6G   0.04611   0.05589   0.02222    0.1242       219       640    0.3835    0.6789    0.5874    0.3839   0.04164   0.04592   0.01717
   167/299     14.6G   0.04602   0.05581   0.02212     0.124       162       640     0.384    0.6772    0.5872    0.3842   0.04162   0.04588   0.01713
   168/299     14.6G   0.04602   0.05578   0.02216     0.124       157       640    0.3853    0.6805    0.5888    0.3847    0.0416   0.04587   0.01709
   169/299     14.6G   0.04606   0.05561   0.02207    0.1237       182       640    0.3842     0.679    0.5895    0.3849   0.04157   0.04584   0.01709
   170/299     14.6G   0.04601   0.05571   0.02204    0.1238       222       640    0.3839    0.6785      0.59    0.3854   0.04155   0.04581   0.01707
   171/299     14.6G   0.04593   0.05568   0.02192    0.1235       226       640    0.3839    0.6781      0.59     0.386   0.04153   0.04578   0.01708
   172/299     14.6G   0.04597   0.05555   0.02195    0.1235       220       640    0.3838    0.6794    0.5904    0.3862   0.04153   0.04578   0.01706
   173/299     14.6G   0.04586   0.05549   0.02182    0.1232       180       640    0.3847    0.6808    0.5911    0.3869   0.04151   0.04577   0.01704
   174/299     14.6G   0.04582   0.05555   0.02183    0.1232       176       640     0.384      0.68    0.5909    0.3864    0.0415   0.04577   0.01703
   175/299     14.6G   0.04571   0.05539   0.02163    0.1227       154       640    0.3851    0.6815    0.5912    0.3874   0.04147   0.04575   0.01704
   176/299     14.6G   0.04577   0.05541   0.02172    0.1229       199       640    0.3847    0.6808    0.5914    0.3877   0.04145   0.04573   0.01703
   177/299     14.6G   0.04562   0.05522   0.02155    0.1224       158       640    0.3843    0.6825    0.5919     0.388   0.04144   0.04574     0.017
   178/299     14.6G   0.04563   0.05521   0.02156    0.1224       217       640    0.3851    0.6814    0.5915    0.3886   0.04143   0.04571   0.01697
   179/299     14.6G   0.04556   0.05535   0.02149    0.1224       180       640    0.3862    0.6818    0.5926     0.389    0.0414   0.04567   0.01693
   180/299     14.6G   0.04557   0.05528   0.02151    0.1224       174       640    0.3855    0.6803    0.5926    0.3889   0.04138   0.04565   0.01692
   181/299     14.6G   0.04547   0.05497   0.02142    0.1219       125       640     0.386    0.6804    0.5938    0.3897   0.04136   0.04564   0.01691
   182/299     14.6G   0.04546   0.05512    0.0214     0.122       236       640    0.3869    0.6815    0.5945    0.3899   0.04135   0.04562   0.01686
   183/299     14.6G   0.04538   0.05503   0.02127    0.1217       145       640    0.3872    0.6826    0.5951    0.3899   0.04133    0.0456   0.01685
   184/299     14.6G   0.04537   0.05496   0.02123    0.1216       173       640    0.3878    0.6833    0.5947      0.39    0.0413   0.04558   0.01685
   185/299     14.6G   0.04527   0.05507   0.02113    0.1215       241       640    0.3995    0.6842    0.5958    0.3905   0.04128   0.04558   0.01682
   186/299     14.6G   0.04526   0.05481   0.02108    0.1212       167       640    0.3997    0.6833    0.5956    0.3908   0.04126    0.0456    0.0168
   187/299     14.6G   0.04523   0.05492   0.02112    0.1213       193       640    0.3999     0.682    0.5959    0.3917   0.04124   0.04561   0.01677
   188/299     14.6G    0.0452   0.05481    0.0209    0.1209       302       640    0.4009    0.6836    0.5971    0.3922   0.04122    0.0456   0.01675
   189/299     14.6G   0.04513   0.05479   0.02094    0.1208       137       640     0.402     0.686    0.5978    0.3925    0.0412   0.04558   0.01672
   190/299     14.6G   0.04512   0.05473   0.02083    0.1207       180       640    0.4011    0.6855    0.5978    0.3933   0.04119   0.04555    0.0167
   191/299     14.6G   0.04507   0.05444   0.02077    0.1203       266       640    0.4021    0.6853    0.5979    0.3928   0.04118   0.04554   0.01669
   192/299     14.6G   0.04497   0.05463   0.02066    0.1203       166       640     0.401    0.6853    0.5978    0.3933   0.04116   0.04552   0.01668
   193/299     14.6G   0.04496   0.05475   0.02068    0.1204       188       640    0.4008    0.6855     0.598    0.3931   0.04114   0.04552   0.01665
   194/299     14.6G   0.04496   0.05457   0.02058    0.1201       162       640    0.4019    0.6867    0.5991    0.3932   0.04113   0.04552   0.01661
   195/299     14.6G   0.04483   0.05444   0.02045    0.1197       159       640    0.3903    0.6882    0.5999     0.394   0.04109   0.04551   0.01658
   196/299     14.6G   0.04486   0.05433   0.02052    0.1197       194       640    0.3908    0.6882    0.6003    0.3942   0.04106   0.04548   0.01654
   197/299     14.6G   0.04483   0.05464    0.0204    0.1199       224       640    0.3913    0.6877    0.6007     0.395   0.04104   0.04547   0.01651
   198/299     14.6G   0.04474   0.05429   0.02034    0.1194       143       640    0.3949    0.6891    0.6019     0.396   0.04101   0.04547   0.01647
   199/299     14.6G   0.04469   0.05437   0.02037    0.1194       196       640    0.3945    0.6903    0.6019    0.3964   0.04099   0.04548   0.01647
   200/299     14.6G   0.04462   0.05418   0.02026    0.1191       155       640    0.3948    0.6895    0.6009     0.396   0.04098   0.04549   0.01646
   201/299     14.6G   0.04459   0.05431   0.02022    0.1191       162       640    0.3959    0.6889     0.602    0.3969   0.04098   0.04548   0.01645
   202/299     14.6G   0.04452   0.05433   0.02013     0.119       169       640    0.3953    0.6891    0.6022    0.3974   0.04098   0.04546   0.01645
   203/299     14.6G    0.0445   0.05409   0.02002    0.1186       158       640    0.3954    0.6886    0.6025    0.3975   0.04099   0.04544   0.01642
   204/299     14.6G   0.04446    0.0541   0.02001    0.1186       220       640    0.3944    0.6896    0.6031    0.3976   0.04098   0.04541   0.01641
   205/299     14.6G   0.04446   0.05417   0.01998    0.1186       135       640    0.3931    0.6897    0.6038    0.3984   0.04096    0.0454   0.01639
   206/299     14.6G   0.04436   0.05402   0.01986    0.1183       145       640    0.3925    0.6895     0.604    0.3991   0.04094   0.04538   0.01639
   207/299     14.6G   0.04433   0.05408   0.01978    0.1182       222       640    0.3942    0.6897    0.6038    0.3991   0.04092   0.04537   0.01639
   208/299     14.6G   0.04427   0.05398    0.0198     0.118       279       640    0.3942    0.6902    0.6044    0.3988   0.04089   0.04537   0.01637
   209/299     14.6G   0.04422   0.05388   0.01969    0.1178       160       640    0.3934    0.6894    0.6041    0.3989   0.04086   0.04536   0.01637
   210/299     14.6G   0.04422   0.05383   0.01966    0.1177       215       640    0.3937    0.6897    0.6042    0.3989   0.04084   0.04535   0.01638
   211/299     14.6G   0.04411   0.05386   0.01955    0.1175       134       640    0.3932    0.6897     0.605    0.3989   0.04083   0.04534   0.01638
   212/299     14.6G   0.04413   0.05375   0.01953    0.1174       182       640    0.3932    0.6905     0.605    0.3994   0.04082   0.04535   0.01638
   213/299     14.6G   0.04412   0.05383    0.0195    0.1174       221       640    0.3933    0.6913    0.6051    0.3992   0.04079   0.04536   0.01636
   214/299     14.6G   0.04403   0.05371   0.01943    0.1172       182       640    0.3939    0.6905    0.6053    0.3995   0.04078   0.04536   0.01637
   215/299     14.6G   0.04396   0.05342   0.01925    0.1166       190       640    0.3949    0.6912    0.6056    0.3998   0.04076   0.04534   0.01637
   216/299     14.6G   0.04389    0.0536   0.01922    0.1167       119       640    0.3951    0.6915    0.6058    0.4005   0.04075   0.04535   0.01637
   217/299     14.6G   0.04386   0.05344   0.01922    0.1165       172       640    0.3935     0.691    0.6053    0.4006   0.04075   0.04536   0.01635
   218/299     14.6G    0.0438   0.05342   0.01918    0.1164       139       640    0.3944    0.6903    0.6061    0.4009   0.04074   0.04535   0.01631
   219/299     14.6G   0.04378   0.05344   0.01899    0.1162       226       640    0.3948    0.6914    0.6065    0.4012   0.04073   0.04534    0.0163
   220/299     14.6G   0.04371   0.05335     0.019     0.116       137       640    0.3946    0.6916    0.6069    0.4017   0.04072   0.04533   0.01629
   221/299     14.6G   0.04365   0.05332   0.01894    0.1159       214       640    0.3957    0.6922    0.6069     0.402   0.04071   0.04531   0.01628
   222/299     14.6G    0.0436   0.05322   0.01881    0.1156       263       640    0.3953    0.6928    0.6067    0.4022   0.04069    0.0453   0.01627
   223/299     14.6G   0.04355   0.05328   0.01881    0.1156       187       640    0.3953    0.6934    0.6068    0.4021   0.04069    0.0453   0.01627
   224/299     14.6G    0.0435   0.05306   0.01875    0.1153       235       640    0.3946    0.6942    0.6071     0.402   0.04067   0.04529   0.01625
   225/299     14.6G    0.0434   0.05306   0.01868    0.1151       113       640    0.3955    0.6943    0.6076    0.4021   0.04067    0.0453   0.01626
   226/299     14.6G   0.04337   0.05304   0.01855     0.115       190       640    0.3929    0.6929    0.6071    0.4018   0.04067   0.04531   0.01627
   227/299     14.6G   0.04337   0.05299   0.01849    0.1149       197       640    0.3929    0.6931     0.608    0.4029   0.04064    0.0453   0.01623
   228/299     14.6G   0.04333   0.05308    0.0185    0.1149       219       640    0.3933    0.6931     0.608     0.403   0.04063   0.04529   0.01621
   229/299     14.6G   0.04327   0.05285   0.01844    0.1146       142       640    0.3928    0.6927    0.6083    0.4035   0.04062   0.04529   0.01619
   230/299     14.6G   0.04324   0.05286   0.01834    0.1144       163       640    0.3944     0.693    0.6094    0.4046   0.04062   0.04528   0.01618
   231/299     14.6G   0.04319   0.05256   0.01831    0.1141       178       640    0.3945    0.6928    0.6088    0.4048   0.04062   0.04528   0.01615
   232/299     14.6G   0.04319   0.05271   0.01821    0.1141       224       640    0.3955    0.6943    0.6099    0.4052   0.04061   0.04529   0.01616
   233/299     14.6G   0.04307   0.05249   0.01813    0.1137       217       640    0.3944     0.695      0.61    0.4047   0.04058    0.0453   0.01616
   234/299     14.6G   0.04301   0.05258   0.01812    0.1137       179       640     0.394    0.6942    0.6102    0.4046   0.04057    0.0453   0.01613
   235/299     14.6G   0.04296   0.05241   0.01801    0.1134       151       640    0.3931    0.6925    0.6097    0.4046   0.04056    0.0453   0.01613
   236/299     14.6G   0.04297   0.05238     0.018    0.1134       133       640    0.3956    0.6939    0.6098    0.4041   0.04057    0.0453   0.01614
   237/299     14.6G   0.04286   0.05229   0.01798    0.1131       226       640    0.3945    0.6941    0.6094    0.4042   0.04056   0.04529   0.01612
   238/299     14.6G   0.04286   0.05227   0.01785     0.113       220       640    0.3953    0.6943    0.6099    0.4047   0.04055   0.04529   0.01611
   239/299     14.6G   0.04274   0.05238   0.01778    0.1129       187       640    0.3944    0.6932    0.6093    0.4044   0.04054   0.04529   0.01612
   240/299     14.6G   0.04272   0.05218   0.01777    0.1127       164       640     0.396    0.6937    0.6106    0.4053   0.04053   0.04527   0.01612
   241/299     14.6G   0.04278   0.05222   0.01773    0.1127       168       640    0.3952    0.6929    0.6106    0.4056   0.04052   0.04526    0.0161
   242/299     14.6G   0.04267   0.05208   0.01757    0.1123       150       640    0.3953    0.6925    0.6105    0.4051   0.04051   0.04525   0.01609
   243/299     14.6G    0.0426   0.05229   0.01757    0.1125       198       640    0.3951    0.6913    0.6101    0.4049   0.04052   0.04527   0.01609
   244/299     14.6G   0.04257   0.05187   0.01751     0.112       179       640    0.3949    0.6924    0.6099    0.4051    0.0405   0.04527   0.01608
   245/299     14.6G   0.04249    0.0518   0.01741    0.1117       181       640    0.3949    0.6938    0.6107    0.4048   0.04049   0.04528   0.01607
   246/299     14.6G   0.04244   0.05176   0.01735    0.1115       279       640     0.396    0.6928    0.6101    0.4052   0.04048   0.04528   0.01607
   247/299     14.6G   0.04247   0.05187   0.01732    0.1117       195       640    0.3976    0.6933    0.6109    0.4051   0.04045   0.04529   0.01607
   248/299     14.6G   0.04235   0.05181   0.01718    0.1113       160       640    0.3966    0.6933    0.6107    0.4049   0.04044    0.0453   0.01604
   249/299     14.6G    0.0423   0.05178   0.01718    0.1113       203       640    0.3964    0.6941    0.6109    0.4052   0.04044   0.04529   0.01604
   250/299     14.6G   0.04228    0.0516   0.01717     0.111       120       640    0.3972    0.6934    0.6109    0.4059   0.04043   0.04526   0.01603
   251/299     14.6G   0.04225   0.05143   0.01713    0.1108       187       640    0.3982    0.6941    0.6111    0.4056   0.04044   0.04525   0.01603
   252/299     14.6G   0.04219   0.05159   0.01699    0.1108       188       640    0.3988    0.6943    0.6109    0.4055   0.04044   0.04526   0.01603
   253/299     14.6G   0.04221   0.05157   0.01699    0.1108       192       640    0.3983    0.6937    0.6106    0.4052   0.04043   0.04531   0.01607
   254/299     14.6G   0.04214   0.05135   0.01696    0.1105       191       640    0.3986    0.6939      0.61     0.405   0.04043   0.04531   0.01608
   255/299     14.6G   0.04206   0.05145   0.01689    0.1104       141       640    0.3988    0.6921    0.6096    0.4051   0.04043   0.04532   0.01607
   256/299     14.6G   0.04208   0.05155   0.01686    0.1105       211       640    0.3988    0.6928    0.6104    0.4058   0.04042   0.04532   0.01606
   257/299     14.6G   0.04203   0.05122   0.01675      0.11       214       640    0.3978    0.6935    0.6102    0.4062    0.0404   0.04531   0.01604
   258/299     14.6G   0.04194   0.05121   0.01675    0.1099       161       640    0.3968    0.6936    0.6101    0.4063   0.04041   0.04533   0.01607
   259/299     14.6G   0.04195   0.05122   0.01661    0.1098       122       640    0.3978    0.6939      0.61    0.4061   0.04041   0.04534   0.01608
   260/299     14.6G   0.04182   0.05107   0.01657    0.1095       114       640    0.3979    0.6934    0.6098    0.4061   0.04039   0.04532   0.01607
   261/299     14.6G    0.0419   0.05122   0.01652    0.1096       145       640    0.3986    0.6939    0.6097    0.4058   0.04038   0.04529   0.01608
   262/299     14.6G   0.04185   0.05103   0.01656    0.1094       178       640    0.3989    0.6946    0.6101    0.4059   0.04037   0.04528   0.01609
   263/299     14.6G   0.04178   0.05087   0.01641    0.1091       177       640    0.3986    0.6947    0.6092    0.4058   0.04036    0.0453   0.01606
   264/299     14.6G   0.04176   0.05108   0.01638    0.1092       130       640    0.3984     0.694    0.6094    0.4062   0.04035   0.04531   0.01606
   265/299     14.6G   0.04172   0.05095   0.01637     0.109       188       640    0.3981     0.694    0.6096    0.4064   0.04034   0.04533   0.01605
   266/299     14.6G   0.04165   0.05075   0.01633    0.1087       149       640    0.3971    0.6939    0.6101    0.4072   0.04032   0.04536   0.01605
   267/299     14.6G   0.04161   0.05087   0.01623    0.1087       185       640    0.3976    0.6938    0.6103    0.4068   0.04031   0.04536   0.01605
   268/299     14.6G   0.04157   0.05083    0.0162    0.1086       182       640    0.3997    0.6945    0.6112    0.4071    0.0403   0.04536   0.01607
   269/299     14.6G   0.04154   0.05064    0.0162    0.1084       186       640    0.4016    0.6948    0.6117    0.4071   0.04031   0.04536   0.01607
   270/299     14.6G   0.04148   0.05078   0.01608    0.1083       123       640    0.4013    0.6949    0.6124    0.4072   0.04031   0.04536   0.01607
   271/299     14.6G   0.04147   0.05068   0.01602    0.1082       297       640    0.4008    0.6932    0.6118    0.4074   0.04031   0.04537   0.01608
   272/299     14.6G   0.04147   0.05068   0.01605    0.1082       128       640    0.4022    0.6946    0.6118    0.4074   0.04029   0.04541   0.01608
   273/299     14.6G   0.04138   0.05055   0.01594    0.1079       156       640    0.4013    0.6941    0.6117    0.4074   0.04028   0.04545   0.01607
   274/299     14.6G   0.04136   0.05053   0.01594    0.1078       136       640    0.4006    0.6932    0.6118    0.4081   0.04026   0.04548   0.01607
   275/299     14.6G   0.04139   0.05057   0.01596    0.1079       197       640    0.4018    0.6938    0.6119    0.4084   0.04025   0.04548   0.01608
   276/299     14.6G   0.04127   0.05052   0.01587    0.1077       186       640    0.4008    0.6943    0.6129    0.4089   0.04025   0.04547   0.01608
   277/299     14.6G   0.04125   0.05035   0.01583    0.1074       201       640    0.4035    0.6949    0.6131    0.4094   0.04023   0.04545   0.01606
   278/299     14.6G   0.04123   0.05042    0.0158    0.1075       265       640    0.4036    0.6946    0.6134    0.4091   0.04023   0.04542   0.01601
   279/299     14.6G   0.04125   0.05019   0.01584    0.1073       180       640    0.4019    0.6939    0.6132    0.4094   0.04022   0.04539     0.016
   280/299     14.6G   0.04117   0.05027   0.01577    0.1072       163       640    0.4017    0.6939    0.6125    0.4095    0.0402   0.04542   0.01602
   281/299     14.6G    0.0412   0.05014    0.0157     0.107       216       640    0.4019    0.6934    0.6123    0.4092    0.0402   0.04545   0.01606
   282/299     14.6G   0.04111   0.05017   0.01568     0.107       162       640    0.4005    0.6926    0.6118     0.409    0.0402   0.04546   0.01608
   283/299     14.6G   0.04115   0.05006    0.0157    0.1069       172       640    0.3991    0.6928    0.6122    0.4085    0.0402    0.0455   0.01607
   284/299     14.6G   0.04113   0.05014   0.01562    0.1069       164       640    0.4016    0.6943    0.6128    0.4082   0.04021   0.04552   0.01608
   285/299     14.6G   0.04105   0.05001   0.01557    0.1066       184       640    0.4017    0.6937    0.6129    0.4085   0.04021   0.04556   0.01607
   286/299     14.6G   0.04106   0.04991   0.01556    0.1065       158       640    0.4009    0.6931    0.6123    0.4084    0.0402   0.04559   0.01607
   287/299     14.6G   0.04107   0.05015   0.01556    0.1068       172       640    0.4015    0.6921    0.6121    0.4083   0.04019   0.04554   0.01607
   288/299     14.6G   0.04111   0.05009   0.01553    0.1067       171       640    0.4016    0.6933    0.6111    0.4079   0.04021   0.04549   0.01608
   289/299     14.6G   0.04097   0.04992   0.01555    0.1064       116       640    0.4024    0.6949    0.6111    0.4077   0.04021   0.04548    0.0161
   290/299     14.6G   0.04101   0.04995   0.01553    0.1065       153       640     0.403    0.6955    0.6114    0.4075   0.04023   0.04547    0.0161
   291/299     14.6G   0.04094   0.04993    0.0155    0.1064       208       640    0.4038    0.6951     0.612    0.4075   0.04022   0.04547   0.01609
   292/299     14.6G     0.041   0.04982   0.01549    0.1063       157       640    0.4033     0.693    0.6123    0.4079   0.04021   0.04547   0.01608
   293/299     14.6G   0.04103   0.05001   0.01546    0.1065       139       640    0.4027    0.6928    0.6115    0.4078    0.0402   0.04551   0.01606
   294/299     14.6G   0.04098   0.04992   0.01544    0.1063       140       640    0.4026     0.693    0.6119    0.4085    0.0402   0.04555   0.01606
   295/299     14.6G     0.041   0.04988   0.01542    0.1063       185       640    0.4015    0.6934    0.6114    0.4081   0.04019   0.04558   0.01606
   296/299     14.6G     0.041    0.0499   0.01547    0.1064       158       640    0.4029     0.694    0.6118    0.4082   0.04019    0.0456   0.01606
   297/299     14.6G   0.04097   0.04986   0.01543    0.1063       184       640    0.4031    0.6942    0.6116    0.4082   0.04018    0.0456   0.01605
   298/299     14.6G   0.04094   0.04984   0.01541    0.1062       137       640     0.404    0.6931    0.6116    0.4079   0.04016   0.04561   0.01607
   299/299     14.6G   0.04095   0.04977   0.01539    0.1061       138       640    0.4037    0.6941    0.6198    0.4212   0.04015   0.04562   0.01605
