     0/299     7.44G   0.09052    0.1692   0.08694    0.3467       157       640   0.09473   0.07696   0.04646   0.06112   0.07711    0.1134   0.06839
     1/299     14.8G   0.07473    0.1235   0.06295    0.2612       155       640    0.1909     0.239    0.1573    0.1813   0.06698   0.08965   0.04892
     2/299     14.9G   0.06984    0.1024   0.05219    0.2244       163       640    0.2511    0.3274    0.2469    0.2626   0.06209   0.07442   0.04024
     3/299     14.9G   0.06641   0.09261    0.0459    0.2049       203       640    0.2674    0.4069    0.3144    0.3069   0.05885   0.07222   0.03462
     4/299     14.9G   0.06374   0.09107   0.04152    0.1963       171       640    0.2722    0.4566    0.3576    0.3298   0.05675   0.07067   0.03134
     5/299     14.9G   0.06199   0.08992   0.03875    0.1907       221       640    0.2868    0.4874    0.3855    0.3483   0.05537   0.06963   0.02944
     6/299     14.9G   0.06085   0.08876   0.03703    0.1866       105       640    0.2899     0.505     0.403    0.3589   0.05447   0.06895    0.0282
     7/299     14.9G   0.05979   0.08785   0.03547    0.1831       177       640     0.298    0.5141    0.4164    0.3683   0.05386   0.06841   0.02738
     8/299     14.9G   0.05908   0.08747   0.03452    0.1811       216       640    0.3027    0.5199     0.424    0.3748   0.05342   0.06799   0.02683
     9/299     14.9G   0.05846   0.08672   0.03339    0.1786       155       640    0.3099    0.5235    0.4309    0.3821   0.05305   0.06765   0.02639
    10/299     14.9G    0.0579   0.08607   0.03265    0.1766       183       640    0.3217    0.5252    0.4368    0.3894   0.05274   0.06737   0.02601
    11/299     14.9G   0.05755   0.08581   0.03211    0.1755       228       640    0.3309    0.5253     0.442    0.3972   0.05248   0.06712   0.02567
    12/299     14.9G   0.05705   0.08548    0.0315     0.174       174       640    0.3428     0.525    0.4467    0.4057   0.05223   0.06689   0.02536
    13/299     14.9G   0.05678   0.08489   0.03092    0.1726       143       640    0.3524    0.5248    0.4517    0.4122   0.05199   0.06668   0.02507
    14/299     14.9G   0.05645   0.08438    0.0306    0.1714       128       640    0.3611    0.5258    0.4563     0.419   0.05178   0.06648    0.0248
    15/299     14.9G    0.0562   0.08443    0.0301    0.1707       133       640     0.371    0.5264    0.4611    0.4264   0.05155    0.0663   0.02454
    16/299     14.9G   0.05591   0.08404    0.0298    0.1697       157       640    0.3782    0.5256     0.466    0.4316   0.05134   0.06614   0.02427
    17/299     14.9G   0.05573   0.08404    0.0295    0.1693       240       640    0.3864    0.5263    0.4707    0.4371   0.05112   0.06599   0.02399
    18/299     14.9G   0.05551   0.08392   0.02914    0.1686       167       640     0.395    0.5291    0.4759    0.4437   0.05088   0.06582   0.02371
    19/299     14.9G   0.05534   0.08379   0.02885     0.168       207       640     0.402    0.5312     0.481     0.449   0.05065   0.06564   0.02342
    20/299     14.9G   0.05515   0.08323   0.02853    0.1669       170       640    0.4053    0.5339    0.4859    0.4528   0.05043   0.06545   0.02314
    21/299     14.9G   0.05498    0.0832   0.02839    0.1666       193       640    0.4096    0.5381    0.4908    0.4573   0.05021   0.06527   0.02289
    22/299     14.9G   0.05482   0.08302   0.02817     0.166       203       640    0.4127    0.5435    0.4956    0.4617   0.04999   0.06504   0.02261
    23/299     14.9G   0.05465   0.08295   0.02793    0.1655       219       640     0.414    0.5482    0.4997    0.4645   0.04977   0.06484   0.02235
    24/299     14.9G   0.05451   0.08293   0.02782    0.1653       222       640    0.4139    0.5536    0.5046    0.4673   0.04956   0.06465   0.02209
    25/299     14.9G   0.05436   0.08253   0.02769    0.1646       228       640    0.4146    0.5576    0.5086    0.4695   0.04936   0.06445   0.02184
    26/299     14.9G   0.05429   0.08244   0.02749    0.1642       177       640    0.4151    0.5639    0.5129    0.4727   0.04917   0.06427   0.02161
    27/299     14.9G   0.05415   0.08211   0.02727    0.1635       210       640    0.4144    0.5696    0.5172    0.4746   0.04898   0.06407   0.02138
    28/299     14.9G   0.05411   0.08234   0.02716    0.1636       179       640    0.4145    0.5749    0.5216    0.4766   0.04879   0.06388   0.02115
    29/299     14.9G   0.05398   0.08224   0.02698    0.1632       126       640    0.4144    0.5805    0.5263    0.4787   0.04862   0.06369   0.02095
    30/299     14.9G   0.05383   0.08205   0.02686    0.1627       155       640    0.4138    0.5847    0.5298    0.4799   0.04845   0.06352   0.02078
    31/299     14.9G   0.05373   0.08184    0.0266    0.1622       147       640    0.4128    0.5887    0.5328    0.4807   0.04829   0.06336    0.0206
    32/299     14.9G    0.0536   0.08158   0.02666    0.1618       133       640    0.4124    0.5933    0.5359    0.4821   0.04814   0.06322   0.02044
    33/299     14.9G   0.05363   0.08159   0.02652    0.1617       191       640    0.4108    0.5984    0.5383     0.483   0.04799   0.06308   0.02028
    34/299     14.9G   0.05343   0.08141   0.02637    0.1612       163       640    0.4088    0.6017    0.5411    0.4827   0.04784   0.06293   0.02013
    35/299     14.9G   0.05333   0.08128   0.02632    0.1609       223       640    0.4182    0.6062    0.5448    0.4843   0.04771   0.06281   0.01998
    36/299     14.9G   0.05331   0.08126   0.02624    0.1608       242       640    0.4177    0.6095    0.5471    0.4851   0.04759   0.06269   0.01983
    37/299     14.9G   0.05329   0.08127   0.02607    0.1606       138       640    0.4157    0.6128    0.5495    0.4848   0.04747   0.06256    0.0197
    38/299     14.9G   0.05318   0.08113   0.02595    0.1603       153       640    0.4153    0.6163    0.5519    0.4856   0.04735   0.06241   0.01957
    39/299     14.9G   0.05308   0.08105    0.0259      0.16       263       640    0.4137    0.6208    0.5543    0.4861   0.04725   0.06228   0.01944
    40/299     14.9G   0.05307   0.08132    0.0258    0.1602       237       640    0.4127    0.6228    0.5571    0.4859   0.04714   0.06218   0.01933
    41/299     14.9G   0.05289   0.08092   0.02564    0.1595       231       640    0.4108    0.6239    0.5593    0.4848   0.04704   0.06208   0.01922
    42/299     14.9G   0.05286   0.08079   0.02559    0.1592       143       640    0.4091    0.6275     0.561    0.4847   0.04695   0.06199   0.01911
    43/299     14.9G   0.05277   0.08072   0.02555     0.159       242       640    0.4076    0.6291    0.5625     0.484   0.04686   0.06189   0.01901
    44/299     14.9G    0.0528   0.08054   0.02552    0.1589       154       640    0.4072     0.632    0.5649    0.4846   0.04678   0.06182   0.01891
    45/299     14.9G    0.0527   0.08057   0.02535    0.1586       233       640    0.4054    0.6334    0.5662    0.4836    0.0467   0.06173   0.01882
    46/299     14.9G    0.0526   0.08036   0.02533    0.1583       177       640    0.4037     0.636    0.5678     0.483   0.04663   0.06165   0.01873
    47/299     14.9G   0.05259   0.08049   0.02522    0.1583       191       640    0.4024    0.6381     0.569    0.4826   0.04655   0.06157   0.01865
    48/299     14.9G   0.05254   0.08051   0.02516    0.1582       299       640    0.4013    0.6391    0.5705    0.4821   0.04647    0.0615   0.01856
    49/299     14.9G   0.05245   0.08014    0.0251    0.1577       174       640    0.4013    0.6418    0.5718    0.4829    0.0464   0.06143   0.01846
    50/299     14.9G   0.05243    0.0805   0.02503     0.158       172       640    0.4013     0.644    0.5737    0.4835   0.04633   0.06135   0.01837
    51/299     14.9G   0.05227   0.08029   0.02489    0.1574       221       640    0.4007    0.6463    0.5755    0.4836   0.04627    0.0613   0.01829
    52/299     14.9G   0.05233   0.08011   0.02488    0.1573       165       640    0.3995    0.6484    0.5766    0.4844   0.04621   0.06126   0.01821
    53/299     14.9G   0.05217   0.08006   0.02484    0.1571       236       640    0.3989    0.6505    0.5772    0.4855   0.04615   0.06123   0.01813
    54/299     14.9G   0.05211   0.07994   0.02477    0.1568       201       640    0.3988     0.653    0.5788    0.4864   0.04609   0.06117   0.01807
    55/299     14.9G   0.05206   0.08007   0.02465    0.1568       140       640    0.3975    0.6542    0.5791    0.4859   0.04604   0.06113   0.01801
    56/299     14.9G   0.05201   0.08004   0.02467    0.1567       194       640    0.3972     0.656    0.5804    0.4864   0.04599   0.06107   0.01794
    57/299     14.9G   0.05201   0.07994   0.02461    0.1566       149       640    0.3966    0.6573    0.5812    0.4864   0.04594   0.06102   0.01787
    58/299     14.9G   0.05186   0.07972   0.02447    0.1561       171       640     0.395    0.6583     0.582    0.4857   0.04587   0.06098    0.0178
    59/299     14.9G    0.0519   0.07999    0.0244    0.1563       163       640    0.3932    0.6598    0.5834     0.485    0.0458   0.06095   0.01774
    60/299     14.9G   0.05185   0.07981   0.02434     0.156       140       640    0.3908    0.6606    0.5844    0.4838   0.04576   0.06093   0.01769
    61/299     14.9G   0.05171    0.0797   0.02428    0.1557       141       640     0.389    0.6616    0.5852    0.4829   0.04571    0.0609   0.01763
    62/299     14.9G    0.0518   0.07972   0.02426    0.1558       182       640    0.3873    0.6621    0.5862    0.4818   0.04566   0.06087   0.01758
    63/299     14.9G   0.05168   0.07964   0.02408    0.1554       185       640    0.3882    0.6634    0.5872     0.483   0.04561   0.06084   0.01752
    64/299     14.9G   0.05165   0.07969   0.02416    0.1555       269       640    0.3877    0.6657    0.5885    0.4833   0.04557   0.06082   0.01748
    65/299     14.9G   0.05158   0.07944   0.02407    0.1551       175       640    0.3872    0.6663    0.5895    0.4831   0.04553   0.06079   0.01745
    66/299     14.9G   0.05155   0.07945   0.02404     0.155       215       640    0.3871     0.667    0.5899    0.4831   0.04549   0.06077   0.01741
    67/299     14.9G   0.05153   0.07954   0.02396     0.155       181       640    0.3867    0.6696    0.5911    0.4835   0.04546   0.06075   0.01737
    68/299     14.9G   0.05148   0.07972   0.02394    0.1551       152       640    0.3865     0.671    0.5917    0.4836   0.04542   0.06071   0.01732
    69/299     14.9G   0.05148   0.07916    0.0239    0.1545       207       640    0.3865    0.6718    0.5918    0.4839   0.04539   0.06069   0.01728
    70/299     14.9G    0.0513   0.07929   0.02374    0.1543       174       640     0.386    0.6719    0.5923    0.4834   0.04535   0.06068   0.01725
    71/299     14.9G   0.05132   0.07912   0.02379    0.1542       247       640    0.3848    0.6722    0.5926    0.4826   0.04531   0.06065   0.01721
    72/299     14.9G   0.05129   0.07945   0.02363    0.1544       208       640    0.3842    0.6749    0.5937    0.4835   0.04528   0.06059   0.01717
    73/299     14.9G   0.05127    0.0792   0.02372    0.1542       175       640    0.3834    0.6756    0.5948    0.4841   0.04524   0.06056   0.01713
    74/299     14.9G   0.05127   0.07913   0.02367    0.1541       228       640    0.3827     0.676    0.5957    0.4836   0.04521   0.06052   0.01709
    75/299     14.9G    0.0512   0.07917   0.02349    0.1539       145       640    0.3836    0.6788    0.5961    0.4855   0.04517   0.06049   0.01707
    76/299     14.9G   0.05109   0.07933   0.02357     0.154       177       640    0.3821    0.6784    0.5963    0.4841   0.04513   0.06046   0.01704
    77/299     14.9G   0.05106   0.07903   0.02347    0.1536       155       640    0.3808    0.6786    0.5961    0.4831   0.04511   0.06044   0.01702
    78/299     14.9G   0.05107   0.07882   0.02341    0.1533       248       640    0.3808      0.68    0.5969    0.4836    0.0451   0.06041   0.01699
    79/299     14.9G   0.05095   0.07877   0.02326     0.153       199       640     0.381    0.6808    0.5976     0.484   0.04507   0.06038   0.01695
    80/299     14.9G   0.05095   0.07874    0.0233     0.153       252       640    0.3809    0.6786    0.5972    0.4836   0.04505   0.06035   0.01693
    81/299     14.9G   0.05093   0.07876   0.02315    0.1528       185       640     0.382    0.6805    0.5991    0.4848   0.04502   0.06031   0.01688
    82/299     14.9G    0.0509   0.07874    0.0232    0.1528       199       640    0.3817    0.6804    0.5993    0.4844   0.04499    0.0603   0.01682
    83/299     14.9G   0.05087   0.07861   0.02316    0.1526       207       640    0.3811    0.6813    0.5995    0.4844   0.04496   0.06028   0.01679
    84/299     14.9G   0.05077   0.07869   0.02308    0.1525       236       640    0.3802    0.6802    0.6004    0.4836   0.04492   0.06025   0.01674
    85/299     14.9G   0.05076   0.07844   0.02296    0.1522       180       640    0.3797    0.6809     0.601    0.4836    0.0449   0.06022    0.0167
    86/299     14.9G   0.05067   0.07826   0.02292    0.1518       173       640    0.3789    0.6812    0.6016     0.483   0.04486   0.06019   0.01665
    87/299     14.9G   0.05067   0.07837     0.023     0.152       149       640    0.3797    0.6828    0.6022    0.4839   0.04483   0.06017   0.01663
    88/299     14.9G   0.05057    0.0786   0.02288    0.1521       176       640    0.3794    0.6832    0.6033    0.4837    0.0448   0.06017    0.0166
    89/299     14.9G   0.05057    0.0782   0.02286    0.1516       203       640    0.3795    0.6843    0.6037    0.4841   0.04477   0.06015   0.01657
    90/299     14.9G   0.05051   0.07818   0.02285    0.1515       219       640    0.3802    0.6853    0.6049    0.4849   0.04475   0.06015   0.01656
    91/299     14.9G   0.05051   0.07834   0.02265    0.1515       161       640    0.3802    0.6872    0.6049    0.4853   0.04473   0.06013   0.01653
    92/299     14.9G   0.05046   0.07817   0.02263    0.1513       141       640    0.3797    0.6883    0.6054    0.4853   0.04471   0.06012   0.01651
    93/299     14.9G   0.05047   0.07824   0.02262    0.1513       157       640    0.3798    0.6891    0.6068    0.4856   0.04467    0.0601   0.01646
    94/299     14.9G   0.05033   0.07803   0.02251    0.1509       188       640    0.3815    0.6898    0.6072    0.4871   0.04465   0.06007   0.01642
    95/299     14.9G   0.05027   0.07815   0.02255     0.151       216       640    0.3929    0.6907    0.6078    0.4883   0.04463   0.06005   0.01641
    96/299     14.9G   0.05025     0.078   0.02243    0.1507       260       640    0.3926    0.6923    0.6079    0.4885   0.04461   0.06005   0.01638
    97/299     14.9G   0.05021   0.07812   0.02236    0.1507       182       640     0.391    0.6915    0.6087     0.487   0.04459   0.06004   0.01637
    98/299     14.9G   0.05024   0.07802   0.02234    0.1506       262       640    0.3917     0.692    0.6085    0.4877   0.04457   0.06002   0.01633
    99/299     14.9G   0.05017   0.07795    0.0224    0.1505       197       640    0.3916    0.6912    0.6087    0.4874   0.04454   0.06001   0.01631
   100/299     14.9G   0.05013   0.07794   0.02223    0.1503       197       640    0.3914    0.6918     0.609    0.4875   0.04451   0.05999   0.01628
   101/299     14.9G   0.05007    0.0775    0.0223    0.1499       158       640    0.3906    0.6898    0.6086    0.4861   0.04449   0.05996   0.01626
   102/299     14.9G   0.05007   0.07761   0.02215    0.1498       169       640    0.3916    0.6911      0.61    0.4873   0.04446   0.05993   0.01623
   103/299     14.9G   0.05007   0.07776   0.02218      0.15       179       640    0.3913    0.6913    0.6101    0.4871   0.04444   0.05989    0.0162
   104/299     14.9G   0.04994   0.07747   0.02208    0.1495       244       640    0.3903    0.6918    0.6102    0.4865   0.04442   0.05986   0.01618
   105/299     14.9G   0.04989   0.07767   0.02204    0.1496       179       640    0.3904     0.693    0.6108     0.487    0.0444   0.05984   0.01616
   106/299     14.9G   0.04986   0.07748   0.02195    0.1493       166       640     0.392    0.6928    0.6109    0.4881   0.04438   0.05984   0.01615
   107/299     14.9G   0.04983   0.07759   0.02193    0.1494       241       640    0.3896     0.692    0.6111     0.486   0.04435   0.05985   0.01613
   108/299     14.9G   0.04974   0.07728   0.02183    0.1488       190       640    0.3909    0.6927    0.6119    0.4871   0.04433   0.05982    0.0161
   109/299     14.9G   0.04977   0.07725   0.02182    0.1488       223       640    0.3786    0.6927    0.6118    0.4855    0.0443   0.05979   0.01606
   110/299     14.9G   0.04972   0.07728   0.02189    0.1489       225       640    0.3792    0.6945    0.6122    0.4864   0.04429   0.05978   0.01604
   111/299     14.9G    0.0497   0.07733    0.0218    0.1488       185       640    0.3793    0.6954    0.6132    0.4867   0.04426   0.05977     0.016
   112/299     14.9G   0.04962   0.07733   0.02177    0.1487       144       640    0.3796    0.6961    0.6133    0.4873   0.04424   0.05974   0.01597
   113/299     14.9G   0.04956   0.07715   0.02166    0.1484       206       640     0.379    0.6957    0.6131    0.4866   0.04422   0.05971   0.01594
   114/299     14.9G   0.04956   0.07717   0.02154    0.1483       141       640    0.3794     0.696    0.6135    0.4871    0.0442    0.0597   0.01592
   115/299     14.9G   0.04952   0.07717    0.0215    0.1482       190       640    0.3803     0.697    0.6137     0.488   0.04418   0.05969   0.01591
   116/299     14.9G   0.04951   0.07707   0.02139     0.148       194       640    0.3803    0.6962     0.614    0.4879   0.04417   0.05968    0.0159
   117/299     14.9G   0.04944   0.07681   0.02135    0.1476       234       640    0.3816    0.6973    0.6144    0.4891   0.04416   0.05966   0.01589
   118/299     14.9G   0.04934   0.07685   0.02144    0.1476       138       640    0.3817    0.6986    0.6149    0.4896   0.04414   0.05964   0.01588
   119/299     14.9G   0.04932   0.07693    0.0214    0.1476       139       640    0.3812    0.6994     0.615    0.4894   0.04411   0.05962   0.01586
   120/299     14.9G   0.04927   0.07651   0.02135    0.1471       174       640    0.3808    0.6994    0.6158     0.489   0.04409    0.0596   0.01585
   121/299     14.9G   0.04926   0.07666   0.02115    0.1471       209       640    0.3795    0.7006    0.6159    0.4882   0.04407   0.05957   0.01583
   122/299     14.9G   0.04918   0.07681   0.02111    0.1471       215       640    0.3786    0.7007    0.6158    0.4875   0.04404   0.05952   0.01581
   123/299     14.9G   0.04917    0.0767   0.02108    0.1469       159       640    0.3798    0.7011    0.6165    0.4886     0.044   0.05948   0.01578
   124/299     14.9G   0.04912   0.07666   0.02107    0.1469       230       640    0.3793    0.7006     0.617    0.4881   0.04398   0.05947   0.01575
   125/299     14.9G   0.04907   0.07638   0.02096    0.1464       157       640    0.3799     0.702    0.6173    0.4889   0.04396   0.05945   0.01572
   126/299     14.9G   0.04907   0.07664   0.02098    0.1467       126       640    0.3811    0.7025    0.6175      0.49   0.04395   0.05943   0.01568
   127/299     14.9G   0.04904   0.07661   0.02094    0.1466       218       640    0.3817    0.7025    0.6187    0.4904   0.04392   0.05944   0.01564
   128/299     14.9G   0.04892   0.07655   0.02082    0.1463       186       640    0.3806    0.7026     0.619    0.4895   0.04389   0.05944   0.01561
   129/299     14.9G   0.04886   0.07619   0.02067    0.1457       105       640    0.3804    0.7024    0.6197    0.4894   0.04386   0.05942   0.01557
   130/299     14.9G   0.04881    0.0762   0.02073    0.1457       166       640    0.3807    0.7034    0.6205    0.4898   0.04384   0.05938   0.01552
   131/299     14.9G   0.04883   0.07639   0.02073    0.1459       173       640    0.3805    0.7037    0.6198    0.4898   0.04381   0.05936    0.0155
   132/299     14.9G   0.04872   0.07626   0.02059    0.1456       150       640    0.3825    0.7038    0.6199    0.4903   0.04379   0.05933   0.01547
   133/299     14.9G   0.04874   0.07608   0.02054    0.1454       235       640    0.3796    0.7028    0.6197    0.4885   0.04377   0.05934   0.01544
   134/299     14.9G   0.04866   0.07603   0.02054    0.1452       193       640    0.3828     0.704    0.6202    0.4904   0.04375   0.05932   0.01542
   135/299     14.9G    0.0486   0.07583   0.02051    0.1449        69       640    0.3805    0.7035    0.6201    0.4892   0.04374   0.05932   0.01541
   136/299     14.9G   0.04865   0.07582   0.02052     0.145       173       640    0.3823    0.7047    0.6211    0.4903   0.04372    0.0593   0.01538
   137/299     14.9G   0.04855   0.07588   0.02044    0.1449       113       640    0.3804    0.7048    0.6218    0.4897    0.0437   0.05927   0.01537
   138/299     14.9G   0.04847   0.07589   0.02025    0.1446       243       640    0.3802    0.7049    0.6223    0.4896   0.04368   0.05925   0.01535
   139/299     14.9G   0.04843   0.07562   0.02019    0.1442       230       640    0.3823    0.7077    0.6232    0.4919   0.04366   0.05923   0.01533
   140/299     14.9G   0.04844   0.07539    0.0202     0.144       154       640    0.3816    0.7073    0.6233    0.4913   0.04363    0.0592   0.01534
   141/299     14.9G   0.04838    0.0755   0.02016     0.144        98       640    0.3891    0.7097    0.6242    0.4949   0.04361   0.05918   0.01535
   142/299     14.9G   0.04834   0.07557   0.02009     0.144       104       640    0.3886    0.7096    0.6245    0.4949   0.04359   0.05916   0.01535
   143/299     14.9G   0.04829   0.07568   0.02012    0.1441       153       640    0.3882    0.7091    0.6245    0.4945   0.04358   0.05914   0.01535
   144/299     14.9G   0.04821   0.07522      0.02    0.1434       225       640    0.3877    0.7093    0.6245     0.494   0.04356   0.05913   0.01533
   145/299     14.9G   0.04817   0.07526   0.01993    0.1434       214       640    0.3876    0.7089    0.6244     0.494   0.04355   0.05911   0.01533
   146/299     14.9G   0.04814   0.07518   0.01976    0.1431       128       640    0.3858    0.7075    0.6242    0.4926   0.04354    0.0591    0.0153
   147/299     14.9G   0.04808   0.07518   0.01972     0.143       214       640    0.3851     0.707    0.6242    0.4918   0.04353    0.0591   0.01529
   148/299     14.9G   0.04802   0.07523   0.01968    0.1429       190       640    0.3845    0.7078    0.6238    0.4917   0.04352    0.0591   0.01527
   149/299     14.9G   0.04796   0.07511   0.01966    0.1427       144       640    0.3853    0.7086    0.6238     0.493    0.0435   0.05909   0.01528
   150/299     14.9G   0.04798    0.0748   0.01958    0.1424       175       640    0.3856     0.708     0.624    0.4929   0.04347   0.05907   0.01527
   151/299     14.9G   0.04787    0.0748   0.01952    0.1422       186       640    0.3853    0.7092    0.6241    0.4931   0.04345   0.05906   0.01526
   152/299     14.9G   0.04783    0.0748   0.01949    0.1421       220       640    0.3853    0.7096    0.6248    0.4932   0.04343   0.05903   0.01525
   153/299     14.9G   0.04783   0.07494   0.01936    0.1421       178       640    0.3847    0.7102    0.6255    0.4928   0.04341   0.05902   0.01522
   154/299     14.9G   0.04773   0.07471   0.01932    0.1418       193       640    0.3858    0.7096    0.6258    0.4935    0.0434   0.05902   0.01521
   155/299     14.9G   0.04768   0.07461   0.01933    0.1416       181       640    0.3862    0.7107     0.626    0.4942   0.04338   0.05902   0.01521
   156/299     14.9G   0.04769   0.07471   0.01922    0.1416       126       640     0.387    0.7105     0.626    0.4949   0.04336     0.059   0.01518
   157/299     14.9G   0.04763   0.07463   0.01919    0.1414       162       640    0.3878    0.7116    0.6266    0.4956   0.04334   0.05899   0.01514
   158/299     14.9G   0.04761   0.07449   0.01924    0.1413       178       640    0.3875     0.711    0.6266    0.4951   0.04333   0.05898   0.01513
   159/299     14.9G   0.04748   0.07437   0.01907    0.1409       215       640    0.3876    0.7127    0.6271    0.4959   0.04331   0.05897   0.01509
   160/299     14.9G   0.04747   0.07417   0.01901    0.1407       165       640    0.3889    0.7133    0.6274    0.4969   0.04329   0.05899   0.01505
   161/299     14.9G   0.04738   0.07449   0.01899    0.1409       189       640     0.388    0.7128    0.6274    0.4959   0.04328   0.05899   0.01503
   162/299     14.9G   0.04739   0.07419   0.01884    0.1404       146       640    0.3892    0.7136    0.6282    0.4972   0.04325   0.05897   0.01501
   163/299     14.9G   0.04734   0.07401   0.01889    0.1402       173       640    0.3913    0.7139    0.6285    0.4974   0.04323   0.05895   0.01499
   164/299     14.9G   0.04725    0.0741   0.01886    0.1402       174       640    0.3917    0.7158    0.6291    0.4984   0.04321   0.05894   0.01496
   165/299     14.9G   0.04718   0.07392   0.01868    0.1398       154       640    0.3901    0.7158    0.6294    0.4977   0.04319   0.05893   0.01494
   166/299     14.9G   0.04711   0.07375   0.01869    0.1395       157       640      0.39    0.7146    0.6295    0.4974   0.04316   0.05891   0.01493
   167/299     14.9G   0.04711   0.07379   0.01861    0.1395       141       640    0.3901    0.7151    0.6298    0.4981   0.04314   0.05889   0.01493
   168/299     14.9G   0.04702   0.07386   0.01854    0.1394       210       640    0.3905    0.7142    0.6295    0.4981   0.04312   0.05888   0.01493
   169/299     14.9G   0.04706   0.07377   0.01847    0.1393       162       640    0.3909    0.7149    0.6299    0.4986    0.0431   0.05886   0.01492
   170/299     14.9G    0.0469    0.0737   0.01837     0.139       166       640    0.3921    0.7171     0.631    0.5003   0.04308   0.05885    0.0149
   171/299     14.9G   0.04687   0.07341   0.01835    0.1386       164       640    0.3915     0.717    0.6313       0.5   0.04306   0.05884   0.01488
   172/299     14.9G   0.04694   0.07342   0.01833    0.1387       145       640    0.3917     0.717    0.6314    0.5002   0.04305   0.05883   0.01489
   173/299     14.9G   0.04679   0.07341   0.01818    0.1384       235       640    0.3915     0.716    0.6319    0.4996   0.04304   0.05883   0.01489
   174/299     14.9G   0.04672   0.07314   0.01823    0.1381       193       640    0.3915    0.7164    0.6326    0.4996   0.04303   0.05884   0.01488
   175/299     14.9G   0.04667   0.07301   0.01809    0.1378       199       640    0.3919    0.7171    0.6329    0.5002   0.04301   0.05882   0.01485
   176/299     14.9G   0.04662   0.07308   0.01806    0.1378       197       640    0.3926    0.7185    0.6327     0.501     0.043   0.05881   0.01483
   177/299     14.9G   0.04655   0.07299   0.01804    0.1376       194       640    0.3918    0.7178    0.6331    0.5003   0.04299    0.0588   0.01483
   178/299     14.9G   0.04647   0.07298   0.01788    0.1373       154       640    0.3906     0.718    0.6327    0.4994   0.04298    0.0588   0.01481
   179/299     14.9G   0.04651   0.07291   0.01792    0.1373       198       640    0.3917    0.7175    0.6324    0.4994   0.04298   0.05883    0.0148
   180/299     14.9G   0.04641   0.07252   0.01778    0.1367       186       640    0.3916    0.7175    0.6324    0.4999   0.04297   0.05884   0.01479
   181/299     14.9G   0.04636   0.07253   0.01771    0.1366       196       640    0.3915    0.7188    0.6328    0.5009   0.04296   0.05883    0.0148
   182/299     14.9G   0.04629   0.07258   0.01765    0.1365       135       640    0.3913    0.7187    0.6328    0.5006   0.04295   0.05881   0.01479
   183/299     14.9G   0.04625   0.07236   0.01762    0.1362       189       640    0.3917    0.7179    0.6334    0.5006   0.04293    0.0588   0.01475
   184/299     14.9G   0.04625   0.07247   0.01753    0.1362       174       640    0.3913    0.7178    0.6339    0.5004   0.04291   0.05878   0.01474
   185/299     14.9G    0.0461    0.0723   0.01748    0.1359       161       640    0.3917    0.7177    0.6334    0.5007   0.04289   0.05877   0.01472
   186/299     14.9G    0.0461   0.07226   0.01738    0.1357       150       640    0.3929     0.718    0.6345    0.5019   0.04287   0.05875   0.01469
   187/299     14.9G     0.046   0.07212   0.01724    0.1354       201       640    0.3946    0.7189    0.6349    0.5027   0.04285   0.05874   0.01466
   188/299     14.9G   0.04591   0.07183   0.01723     0.135       140       640    0.3939    0.7186    0.6354    0.5024   0.04283   0.05872   0.01464
   189/299     14.9G   0.04587   0.07182    0.0172    0.1349       163       640    0.3957    0.7199     0.637    0.5043   0.04281   0.05873   0.01464
   190/299     14.9G   0.04587   0.07202   0.01706    0.1349       170       640    0.3935    0.7176     0.637    0.5026   0.04279   0.05871   0.01464
   191/299     14.9G   0.04578   0.07172   0.01708    0.1346       183       640    0.3947    0.7182    0.6372     0.504   0.04278   0.05869   0.01463
   192/299     14.9G   0.04568   0.07166   0.01702    0.1344       161       640     0.394    0.7184    0.6373    0.5033   0.04277   0.05872   0.01462
   193/299     14.9G    0.0456   0.07147   0.01684    0.1339       154       640    0.3936    0.7177    0.6371    0.5027   0.04277   0.05873   0.01462
   194/299     14.9G   0.04572    0.0715   0.01687    0.1341       177       640    0.3947    0.7179    0.6378    0.5039   0.04275   0.05875    0.0146
   195/299     14.9G   0.04554   0.07139   0.01674    0.1337       224       640    0.3939    0.7182    0.6379    0.5037   0.04274   0.05874   0.01459
   196/299     14.9G   0.04549   0.07132   0.01673    0.1335       173       640    0.3946    0.7185    0.6374    0.5042   0.04273   0.05874   0.01459
   197/299     14.9G   0.04541   0.07092   0.01668     0.133       177       640    0.3945     0.718     0.638    0.5041   0.04271   0.05874   0.01459
   198/299     14.9G   0.04533   0.07088   0.01649    0.1327       136       640    0.3946    0.7187    0.6379    0.5043   0.04269   0.05874   0.01457
   199/299     14.9G   0.04528   0.07083   0.01649    0.1326       134       640    0.3947    0.7203    0.6377    0.5048   0.04267   0.05874   0.01456
   200/299     14.9G   0.04526   0.07106   0.01644    0.1328       165       640    0.3949    0.7209     0.638    0.5051   0.04266   0.05874   0.01453
   201/299     14.9G   0.04521   0.07075   0.01635    0.1323       239       640     0.396     0.721    0.6384     0.506   0.04264   0.05875    0.0145
   202/299     14.9G   0.04509   0.07056   0.01622    0.1319       240       640    0.3965    0.7208    0.6383    0.5063   0.04263   0.05874   0.01449
   203/299     14.9G   0.04503   0.07061   0.01622    0.1319       146       640    0.3974    0.7213    0.6387    0.5071   0.04262   0.05873   0.01446
   204/299     14.9G   0.04506   0.07023   0.01609    0.1314       219       640    0.3981    0.7213    0.6389    0.5076    0.0426   0.05874   0.01445
   205/299     14.9G   0.04486   0.07015   0.01605    0.1311       196       640    0.3993    0.7226     0.639    0.5088   0.04259   0.05875   0.01444
   206/299     14.9G    0.0449   0.07019   0.01596     0.131       204       640    0.3995     0.722     0.639     0.509   0.04257   0.05877   0.01444
   207/299     14.9G   0.04486   0.07002   0.01598    0.1309       222       640    0.3993    0.7204    0.6382    0.5082   0.04256   0.05878   0.01445
   208/299     14.9G   0.04473   0.06991   0.01587    0.1305       294       640     0.399    0.7203    0.6386    0.5081   0.04254   0.05877   0.01445
   209/299     14.9G   0.04475   0.06999   0.01576    0.1305       240       640    0.3976    0.7208    0.6392    0.5072   0.04252   0.05878   0.01445
   210/299     14.9G   0.04464    0.0696   0.01574      0.13       124       640    0.3978    0.7198    0.6388    0.5072   0.04252   0.05881   0.01445
   211/299     14.9G   0.04455   0.06954    0.0156    0.1297       239       640    0.3984    0.7198    0.6387    0.5077    0.0425   0.05883   0.01443
   212/299     14.9G   0.04444   0.06931   0.01557    0.1293       245       640    0.3996    0.7203    0.6391    0.5088   0.04249   0.05884   0.01441
   213/299     14.9G    0.0444   0.06922   0.01547    0.1291       223       640       0.4    0.7205    0.6394    0.5093    0.0425   0.05885   0.01441
   214/299     14.9G   0.04439    0.0693   0.01548    0.1292       164       640    0.4009    0.7222    0.6401    0.5103   0.04249   0.05884   0.01441
   215/299     14.9G   0.04431   0.06924   0.01536    0.1289       278       640     0.401    0.7217    0.6399    0.5104   0.04249   0.05883   0.01441
   216/299     14.9G   0.04425   0.06907   0.01528    0.1286       137       640     0.402    0.7232    0.6406    0.5114   0.04247   0.05884   0.01439
   217/299     14.9G   0.04412   0.06886   0.01518    0.1282       159       640    0.4021    0.7238    0.6407    0.5117   0.04247   0.05886   0.01437
   218/299     14.9G    0.0441   0.06885   0.01508     0.128       215       640    0.4027    0.7225    0.6411    0.5118   0.04247   0.05888   0.01436
   219/299     14.9G   0.04406   0.06859   0.01508    0.1277       196       640    0.4046    0.7233    0.6411    0.5134   0.04246   0.05892   0.01436
   220/299     14.9G   0.04393   0.06854   0.01503    0.1275       182       640    0.4038    0.7235    0.6403    0.5129   0.04245   0.05893   0.01437
   221/299     14.9G   0.04388   0.06839    0.0149    0.1272       135       640    0.4046    0.7232    0.6407    0.5134   0.04245   0.05894   0.01438
   222/299     14.9G   0.04385   0.06829   0.01478    0.1269       174       640    0.4046    0.7228     0.641    0.5133   0.04244   0.05896   0.01439
   223/299     14.9G   0.04374   0.06807   0.01481    0.1266       206       640    0.4048    0.7229    0.6406    0.5134   0.04243     0.059    0.0144
   224/299     14.9G   0.04369   0.06817   0.01459    0.1264       212       640     0.404    0.7246    0.6404    0.5134   0.04242   0.05902   0.01438
   225/299     14.9G   0.04361   0.06792   0.01461    0.1261       175       640    0.4029    0.7227    0.6395     0.512   0.04241   0.05905   0.01438
   226/299     14.9G   0.04356   0.06797   0.01452    0.1261       165       640    0.4031    0.7209    0.6395    0.5118    0.0424   0.05907   0.01439
   227/299     14.9G   0.04348   0.06765   0.01443    0.1256       163       640    0.4039    0.7207    0.6399    0.5123    0.0424    0.0591   0.01439
   228/299     14.9G   0.04343   0.06739   0.01437    0.1252       164       640    0.4055    0.7214    0.6401    0.5136    0.0424   0.05913   0.01438
   229/299     14.9G   0.04336    0.0674   0.01432    0.1251       157       640    0.4055     0.723    0.6401     0.514   0.04239   0.05915   0.01439
   230/299     14.9G   0.04332   0.06731   0.01417    0.1248       154       640    0.4065    0.7223    0.6399    0.5144   0.04238   0.05915   0.01439
   231/299     14.9G   0.04319   0.06721   0.01416    0.1246       194       640    0.4076    0.7219    0.6395    0.5152   0.04238    0.0592   0.01438
   232/299     14.9G   0.04316   0.06684    0.0141    0.1241       159       640    0.4089    0.7223    0.6403    0.5163   0.04238   0.05924   0.01439
   233/299     14.9G   0.04305   0.06689   0.01407     0.124       128       640    0.4092    0.7214    0.6401    0.5164   0.04238   0.05927    0.0144
   234/299     14.9G   0.04299   0.06679   0.01389    0.1237       131       640    0.4086     0.721    0.6393    0.5156   0.04237    0.0593   0.01441
   235/299     14.9G   0.04303   0.06671   0.01389    0.1236       158       640    0.4089    0.7207    0.6392     0.516   0.04236   0.05933   0.01441
   236/299     14.9G   0.04281   0.06642   0.01379     0.123       203       640     0.409    0.7197    0.6395    0.5159   0.04236   0.05935   0.01443
   237/299     14.9G   0.04282   0.06635   0.01366    0.1228       210       640    0.4098    0.7198    0.6393    0.5165   0.04236   0.05939   0.01446
   238/299     14.9G   0.04269   0.06603   0.01362    0.1223       200       640    0.4086    0.7193    0.6389    0.5153   0.04236   0.05943   0.01449
   239/299     14.9G   0.04264     0.066   0.01356    0.1222       240       640    0.4085    0.7188      0.64    0.5154   0.04236   0.05945   0.01452
   240/299     14.9G   0.04256   0.06576   0.01347    0.1218       233       640    0.4095    0.7176    0.6392    0.5158   0.04235   0.05949   0.01453
   241/299     14.9G   0.04248   0.06576   0.01336    0.1216       182       640    0.4116    0.7189    0.6397     0.518   0.04235   0.05953   0.01456
