     0/299     5.82G   0.08473    0.1017   0.08862    0.2751       174       640    0.1869   0.02617   0.02726   0.01097   0.07221   0.08121    0.0735
     1/299     15.6G   0.06978   0.09895    0.0652    0.2339       134       640    0.2819    0.1684    0.1348   0.06511   0.06203   0.07653   0.05131
     2/299     15.2G   0.06461    0.0958   0.05323    0.2136       204       640    0.3129    0.2879    0.2301    0.1215   0.05707   0.07359   0.04143
     3/299     15.2G   0.06091   0.09393   0.04643    0.2013       176       640    0.2877    0.3977    0.3102    0.1755   0.05338   0.07095    0.0353
     4/299     15.4G   0.05828   0.09198   0.04213    0.1924       240       640    0.2805    0.4533    0.3557    0.2059   0.05133   0.06937   0.03202
     5/299     15.4G   0.05672   0.09086   0.03944     0.187       159       640    0.2903    0.4837    0.3844    0.2274   0.04994   0.06828   0.02989
     6/299     15.4G   0.05558   0.08986   0.03745    0.1829       148       640    0.2937    0.5007    0.4027    0.2408   0.04902   0.06752   0.02861
     7/299     15.4G   0.05472   0.08905   0.03603    0.1798       146       640    0.3038    0.5112    0.4149    0.2501   0.04844   0.06698    0.0278
     8/299     15.4G   0.05405   0.08859   0.03493    0.1776       188       640    0.3134    0.5179    0.4236    0.2562   0.04805   0.06653   0.02722
     9/299     15.4G   0.05347   0.08776   0.03421    0.1754       202       640     0.323    0.5199    0.4302    0.2612   0.04776   0.06622   0.02676
    10/299     15.4G   0.05304   0.08722   0.03341    0.1737       222       640     0.333    0.5198     0.436    0.2655   0.04753   0.06596    0.0264
    11/299     15.4G   0.05262   0.08676   0.03271    0.1721       241       640    0.3437    0.5184    0.4413    0.2692   0.04734   0.06574   0.02607
    12/299     15.4G   0.05229   0.08661   0.03212     0.171       143       640    0.3575    0.5178    0.4467    0.2728   0.04716   0.06557   0.02572
    13/299     15.4G     0.052   0.08593    0.0317    0.1696       177       640    0.3676    0.5164    0.4509    0.2761   0.04699   0.06545    0.0254
    14/299     15.4G   0.05174   0.08604   0.03137    0.1691       183       640    0.3805    0.5167    0.4558    0.2798   0.04682   0.06534   0.02509
    15/299     15.4G   0.05146   0.08575   0.03084    0.1681       212       640    0.3908    0.5153    0.4606    0.2829   0.04665   0.06527    0.0248
    16/299     15.4G    0.0512   0.08539   0.03045     0.167       138       640    0.4008    0.5162    0.4658    0.2868   0.04648   0.06518   0.02449
    17/299     15.4G   0.05104   0.08498   0.03017    0.1662       191       640     0.411    0.5182    0.4715    0.2907   0.04628   0.06508   0.02419
    18/299     15.4G   0.05083     0.085   0.02993    0.1658       163       640    0.4161    0.5209    0.4765    0.2943   0.04607   0.06493   0.02391
    19/299     15.4G   0.05074   0.08469    0.0297    0.1651       156       640    0.4189     0.524    0.4814    0.2982   0.04587   0.06474   0.02361
    20/299     15.4G   0.05053   0.08449   0.02944    0.1645       153       640    0.4227    0.5284    0.4862     0.302   0.04566   0.06453   0.02331
    21/299     15.4G   0.05038   0.08475   0.02922    0.1643       155       640    0.4254    0.5329    0.4922     0.306   0.04544    0.0643   0.02304
    22/299     15.4G   0.05025    0.0841   0.02904    0.1634       166       640    0.4252    0.5375    0.4967    0.3094   0.04522   0.06406   0.02276
    23/299     15.4G   0.05012   0.08405   0.02878    0.1629       171       640     0.426    0.5435    0.5008     0.313     0.045   0.06383   0.02247
    24/299     15.4G   0.05002   0.08359   0.02863    0.1622       169       640    0.4277    0.5506    0.5052    0.3163    0.0448   0.06359   0.02221
    25/299     15.4G   0.04984    0.0838   0.02845    0.1621       105       640    0.4257    0.5583    0.5102      0.32    0.0446   0.06336   0.02196
    26/299     15.4G   0.04981   0.08383    0.0284     0.162       199       640    0.4232    0.5626     0.514    0.3235    0.0444   0.06314   0.02172
    27/299     15.4G   0.04964   0.08343   0.02813    0.1612       168       640     0.422    0.5689    0.5181     0.327   0.04421    0.0629   0.02148
    28/299     15.4G   0.04959   0.08338   0.02797    0.1609       130       640    0.4199    0.5736    0.5216    0.3294   0.04403   0.06271   0.02127
    29/299     15.4G   0.04946   0.08333   0.02789    0.1607       189       640    0.4178    0.5788    0.5248    0.3326   0.04384   0.06251   0.02107
    30/299     15.4G   0.04941   0.08294   0.02776    0.1601       185       640    0.4164    0.5834    0.5288    0.3355   0.04368   0.06232    0.0209
    31/299     15.4G   0.04931   0.08308   0.02761      0.16       199       640    0.4181    0.5914    0.5327    0.3383   0.04353   0.06214   0.02074
    32/299     15.4G   0.04925   0.08296    0.0276    0.1598       176       640    0.4152    0.5965    0.5355    0.3415   0.04339   0.06198   0.02058
    33/299     15.4G   0.04911   0.08287   0.02739    0.1594       264       640    0.4122    0.5998    0.5382     0.344   0.04325   0.06182   0.02042
    34/299     15.4G   0.04906   0.08297   0.02723    0.1593       202       640     0.411    0.6043    0.5418    0.3467   0.04312   0.06166   0.02028
    35/299     15.4G   0.04902   0.08258   0.02709    0.1587       183       640    0.4091    0.6065    0.5436    0.3489     0.043   0.06153   0.02017
    36/299     15.4G   0.04893   0.08271   0.02703    0.1587       157       640    0.4089    0.6106     0.547    0.3515   0.04288    0.0614   0.02004
    37/299     15.4G   0.04887   0.08278   0.02696    0.1586       132       640    0.4093    0.6153    0.5496    0.3534   0.04278    0.0613   0.01993
    38/299     15.4G   0.04872   0.08253   0.02682    0.1581       242       640    0.4086    0.6177    0.5524    0.3556   0.04268   0.06119   0.01982
    39/299     15.4G   0.04873   0.08229   0.02679    0.1578       145       640    0.4083    0.6197    0.5545    0.3577   0.04258   0.06108   0.01972
    40/299     15.4G   0.04868   0.08234   0.02667    0.1577       269       640    0.4087    0.6234    0.5565    0.3595   0.04249   0.06097   0.01962
    41/299     15.4G   0.04867   0.08223   0.02667    0.1576       192       640    0.4083    0.6264    0.5583    0.3614    0.0424   0.06086   0.01954
    42/299     15.4G   0.04852   0.08201   0.02652    0.1571       142       640    0.4087    0.6307      0.56    0.3629   0.04233   0.06076   0.01944
    43/299     15.4G   0.04856   0.08226   0.02645    0.1573       182       640    0.4079    0.6327    0.5623    0.3645   0.04226    0.0607   0.01935
    44/299     15.4G   0.04846   0.08234    0.0264    0.1572       109       640    0.4088    0.6361    0.5629    0.3652   0.04219   0.06063   0.01926
    45/299     15.4G   0.04841   0.08221    0.0263    0.1569       201       640    0.4085    0.6387    0.5646    0.3669   0.04212   0.06056    0.0192
    46/299     15.4G   0.04833    0.0821   0.02626    0.1567       130       640    0.4074    0.6392     0.566    0.3682   0.04204   0.06052   0.01913
    47/299     15.4G   0.04825   0.08137   0.02619    0.1558       241       640     0.406    0.6419    0.5675    0.3692   0.04197   0.06045   0.01904
    48/299     15.4G   0.04822   0.08147   0.02609    0.1558       138       640    0.4047    0.6427    0.5682    0.3701    0.0419   0.06039   0.01897
    49/299     15.4G   0.04823   0.08181   0.02608    0.1561       216       640     0.403    0.6451      0.57     0.372   0.04183   0.06033    0.0189
    50/299     15.4G   0.04814   0.08148     0.026    0.1556       266       640    0.4015    0.6469     0.572    0.3731   0.04178   0.06027   0.01883
    51/299     15.4G   0.04804   0.08179   0.02592    0.1558       196       640    0.4001    0.6485    0.5731    0.3739   0.04172   0.06023   0.01877
    52/299     15.4G   0.04805   0.08161   0.02582    0.1555       237       640    0.3992    0.6511    0.5742    0.3746   0.04167   0.06017    0.0187
    53/299     15.4G   0.04799   0.08149    0.0259    0.1554       204       640    0.3973    0.6521    0.5748     0.375   0.04162   0.06014   0.01864
    54/299     15.4G   0.04792   0.08181    0.0257    0.1554       130       640    0.3982    0.6525    0.5752     0.376   0.04156   0.06009   0.01859
    55/299     15.4G   0.04786    0.0814   0.02561    0.1549       193       640    0.3982     0.654    0.5763    0.3772    0.0415   0.06006   0.01852
    56/299     15.4G   0.04787    0.0814   0.02555    0.1548       190       640    0.3965    0.6546    0.5772    0.3782   0.04145   0.06002   0.01848
    57/299     15.4G   0.04786   0.08114   0.02563    0.1546       152       640    0.3952    0.6552    0.5783    0.3793   0.04142   0.05998   0.01842
    58/299     15.4G   0.04778    0.0815   0.02548    0.1548       128       640    0.3934    0.6574    0.5792      0.38   0.04138   0.05992   0.01837
    59/299     15.4G   0.04774   0.08128   0.02544    0.1545       222       640    0.3937    0.6569    0.5798    0.3806   0.04133   0.05988   0.01832
    60/299     15.4G    0.0476   0.08127   0.02535    0.1542       161       640    0.3935     0.659    0.5806    0.3816   0.04129   0.05983   0.01828
    61/299     15.4G   0.04766   0.08118   0.02531    0.1542       201       640     0.394    0.6607    0.5815    0.3823   0.04124   0.05979   0.01824
    62/299     15.4G   0.04756   0.08102   0.02522    0.1538       207       640    0.3937    0.6615     0.582    0.3835    0.0412   0.05976   0.01821
    63/299     15.4G    0.0475   0.08116   0.02514    0.1538       186       640    0.3932    0.6622    0.5828     0.384   0.04115   0.05972   0.01818
    64/299     15.4G   0.04754   0.08114   0.02523    0.1539       178       640    0.3934    0.6642    0.5836    0.3846   0.04112   0.05968   0.01815
    65/299     15.4G   0.04748   0.08091   0.02516    0.1535       243       640    0.3935    0.6648     0.584    0.3853   0.04109   0.05962   0.01812
    66/299     15.4G   0.04742   0.08089   0.02509    0.1534       173       640    0.3935    0.6662    0.5849    0.3863   0.04106   0.05959    0.0181
    67/299     15.4G   0.04737   0.08084   0.02501    0.1532       129       640    0.3921    0.6644    0.5857    0.3876   0.04102   0.05956   0.01805
    68/299     15.4G   0.04734   0.08078   0.02493    0.1531       205       640     0.393    0.6661    0.5868    0.3879   0.04098   0.05953     0.018
    69/299     15.4G   0.04735   0.08097   0.02488    0.1532       239       640    0.3926     0.667    0.5875    0.3887   0.04095   0.05949   0.01794
    70/299     15.4G   0.04729   0.08078   0.02487    0.1529       218       640    0.3926    0.6678    0.5879    0.3887   0.04091   0.05946   0.01788
    71/299     15.4G   0.04718   0.08073   0.02477    0.1527       212       640    0.3906    0.6679    0.5885    0.3894   0.04088   0.05943   0.01783
    72/299     15.4G   0.04716   0.08073   0.02482    0.1527       227       640    0.3901    0.6694    0.5888      0.39   0.04085   0.05942   0.01779
    73/299     15.4G   0.04714    0.0807   0.02475    0.1526       226       640    0.3897    0.6697    0.5891    0.3903   0.04083    0.0594   0.01777
    74/299     15.4G   0.04706   0.08054   0.02462    0.1522       194       640    0.3909    0.6719    0.5897    0.3903   0.04081   0.05938   0.01774
    75/299     15.4G   0.04711   0.08047   0.02459    0.1522       198       640    0.3909    0.6724    0.5904    0.3916   0.04078   0.05936    0.0177
    76/299     15.4G   0.04703   0.08058   0.02448    0.1521       146       640    0.3919    0.6754    0.5918    0.3923   0.04076   0.05934   0.01763
    77/299     15.4G     0.047   0.08037   0.02449    0.1519       208       640    0.3916    0.6771    0.5926    0.3923   0.04073    0.0593   0.01759
    78/299     15.4G     0.047   0.08044   0.02449    0.1519       230       640    0.3904    0.6764    0.5928    0.3933    0.0407   0.05928   0.01755
    79/299     15.4G   0.04694   0.08036    0.0244    0.1517       241       640    0.3914    0.6776    0.5931    0.3942   0.04067   0.05926   0.01751
    80/299     15.4G   0.04692   0.08018    0.0244    0.1515       170       640    0.3933    0.6787    0.5941    0.3945   0.04064   0.05923   0.01748
    81/299     15.4G   0.04686   0.08041   0.02442    0.1517       146       640    0.3917    0.6781    0.5941    0.3953    0.0406   0.05919   0.01744
    82/299     15.4G   0.04671    0.0801    0.0242     0.151        95       640    0.3932    0.6791    0.5948    0.3958   0.04057   0.05917   0.01742
    83/299     15.4G   0.04674   0.08014   0.02426    0.1511       268       640    0.3928      0.68    0.5954     0.396   0.04055   0.05914   0.01739
    84/299     15.4G   0.04673   0.08002   0.02407    0.1508       158       640    0.3936    0.6799    0.5958    0.3965   0.04053    0.0591   0.01735
    85/299     15.4G   0.04664   0.07988   0.02409    0.1506       216       640    0.3943    0.6792    0.5953    0.3972   0.04051   0.05907   0.01734
    86/299     15.4G    0.0467   0.07969   0.02405    0.1504       211       640     0.395    0.6786    0.5962    0.3973   0.04049   0.05907   0.01731
    87/299     15.4G    0.0466   0.08003   0.02411    0.1507       191       640    0.3941    0.6795    0.5976    0.3978   0.04046   0.05905   0.01728
    88/299     15.4G    0.0466   0.07987   0.02397    0.1504       151       640    0.3935      0.68    0.5982    0.3981   0.04044   0.05905   0.01723
    89/299     15.4G   0.04657   0.07982   0.02394    0.1503       243       640    0.3942    0.6813    0.5996    0.3992   0.04042   0.05904    0.0172
    90/299     15.4G   0.04653   0.08005   0.02389    0.1505       158       640    0.3935    0.6835    0.6001    0.3989    0.0404   0.05904   0.01715
    91/299     15.4G   0.04653   0.07961   0.02394    0.1501       219       640    0.3915    0.6837    0.5999    0.3997   0.04038   0.05902   0.01712
    92/299     15.4G   0.04641   0.08002   0.02375    0.1502       182       640    0.3916     0.685    0.6001    0.4002   0.04036     0.059    0.0171
    93/299     15.4G   0.04642    0.0797   0.02371    0.1498       218       640     0.391    0.6853    0.6005    0.4005   0.04033   0.05897   0.01706
    94/299     15.4G   0.04631   0.07941   0.02362    0.1493       148       640    0.3913    0.6856     0.601    0.4009    0.0403   0.05894   0.01704
    95/299     15.4G   0.04632   0.07935   0.02366    0.1493       170       640    0.3918     0.687    0.6013    0.4015   0.04027    0.0589   0.01703
    96/299     15.4G   0.04627   0.07954   0.02365    0.1495       143       640    0.3917    0.6876    0.6015    0.4013   0.04025   0.05888   0.01701
    97/299     15.4G   0.04623   0.07945   0.02354    0.1492       206       640    0.3914    0.6876    0.6016    0.4018   0.04023   0.05888   0.01702
    98/299     15.4G   0.04626   0.07962   0.02352    0.1494       200       640    0.3918    0.6889    0.6023     0.402   0.04022   0.05886     0.017
    99/299     15.4G   0.04623   0.07935   0.02346     0.149       169       640    0.3918      0.69     0.603    0.4022   0.04019   0.05884   0.01697
   100/299     15.4G   0.04613   0.07949   0.02341     0.149       163       640    0.3911    0.6901     0.603    0.4025   0.04015   0.05881   0.01696
   101/299     15.4G   0.04613   0.07951   0.02333     0.149       159       640    0.3909    0.6891    0.6033    0.4026   0.04012   0.05881   0.01693
   102/299     15.4G   0.04607    0.0794    0.0233    0.1488       128       640    0.3913    0.6889     0.604    0.4038   0.04009   0.05879    0.0169
   103/299     15.4G   0.04606   0.07936    0.0233    0.1487       110       640     0.392    0.6901    0.6043    0.4037   0.04007   0.05874   0.01688
   104/299     15.4G   0.04599   0.07907   0.02316    0.1482       176       640    0.3911    0.6898     0.605    0.4042   0.04006   0.05871   0.01686
   105/299     15.4G   0.04597   0.07899   0.02315    0.1481       193       640    0.3924    0.6897    0.6052    0.4045   0.04004   0.05869   0.01683
   106/299     15.4G   0.04593   0.07901   0.02309     0.148       235       640    0.3919    0.6902    0.6062    0.4056   0.04002    0.0587   0.01681
   107/299     15.4G   0.04593   0.07914   0.02309    0.1482       106       640    0.3917    0.6911    0.6068    0.4055      0.04    0.0587    0.0168
   108/299     15.4G   0.04588   0.07934   0.02301    0.1482       110       640    0.3918    0.6921    0.6074    0.4054   0.03998   0.05868   0.01679
   109/299     15.4G   0.04581   0.07881   0.02297    0.1476       211       640    0.3927     0.693    0.6077    0.4057   0.03995   0.05865   0.01676
   110/299     15.4G   0.04582   0.07899   0.02299    0.1478       224       640     0.392    0.6931    0.6088    0.4062   0.03994   0.05863   0.01675
   111/299     15.4G   0.04573   0.07887   0.02294    0.1475       182       640     0.392    0.6939    0.6088    0.4062   0.03992   0.05862   0.01674
   112/299     15.4G   0.04564   0.07884   0.02279    0.1473       156       640    0.3921    0.6927    0.6084    0.4062    0.0399    0.0586   0.01669
   113/299     15.4G   0.04561    0.0788   0.02274    0.1472       151       640     0.392    0.6933    0.6082    0.4067   0.03988   0.05859   0.01667
   114/299     15.4G   0.04566   0.07849   0.02277    0.1469       120       640    0.3922    0.6949    0.6091     0.407   0.03985   0.05858   0.01665
   115/299     15.4G   0.04563   0.07856   0.02276     0.147       134       640    0.3926    0.6939    0.6092    0.4075   0.03981   0.05855   0.01663
   116/299     15.4G   0.04562   0.07868   0.02264    0.1469       197       640    0.3918     0.694    0.6099     0.408   0.03979   0.05852    0.0166
   117/299     15.4G   0.04551   0.07829   0.02254    0.1463       172       640     0.393    0.6941    0.6105    0.4083   0.03977   0.05851   0.01656
   118/299     15.4G   0.04549   0.07845   0.02256    0.1465       108       640    0.3933    0.6955    0.6116    0.4093   0.03975    0.0585   0.01653
   119/299     15.4G   0.04545   0.07848    0.0225    0.1464       195       640     0.393    0.6966    0.6125    0.4094   0.03973   0.05848   0.01649
   120/299     15.4G   0.04541   0.07833    0.0225    0.1462       177       640    0.3931    0.6978    0.6122    0.4095    0.0397   0.05847   0.01646
   121/299     15.4G   0.04536   0.07825   0.02235     0.146       282       640    0.3936    0.6982     0.613      0.41   0.03968   0.05845   0.01641
   122/299     15.4G   0.04529   0.07833    0.0223    0.1459       209       640    0.3927    0.6989    0.6133    0.4108   0.03967   0.05844    0.0164
   123/299     15.4G   0.04537   0.07816   0.02229    0.1458       129       640    0.3916    0.6999    0.6137    0.4111   0.03966   0.05841    0.0164
   124/299     15.4G   0.04532   0.07819   0.02226    0.1458       211       640    0.3922    0.6991    0.6133    0.4116   0.03964    0.0584   0.01639
   125/299     15.4G   0.04529   0.07821   0.02227    0.1458       192       640    0.3912    0.6989    0.6136    0.4114   0.03963   0.05839   0.01636
   126/299     15.4G   0.04512   0.07793   0.02208    0.1451       186       640    0.3911    0.6986     0.614    0.4119   0.03961   0.05838   0.01633
   127/299     15.4G   0.04517   0.07792   0.02205    0.1451       212       640    0.3911    0.6983     0.614    0.4124   0.03959   0.05836    0.0163
   128/299     15.4G   0.04515   0.07814   0.02207    0.1454       203       640     0.392    0.6976    0.6149    0.4134   0.03956   0.05832   0.01627
   129/299     15.4G   0.04507   0.07798   0.02205    0.1451       201       640    0.3917    0.6982    0.6154     0.414   0.03954    0.0583   0.01625
   130/299     15.4G   0.04503   0.07774   0.02196    0.1447       155       640    0.3937    0.6993     0.616    0.4138   0.03952   0.05827   0.01624
   131/299     15.4G   0.04507   0.07814    0.0219    0.1451       216       640    0.3934    0.6993    0.6159    0.4144   0.03948   0.05824    0.0162
   132/299     15.4G   0.04489   0.07759   0.02188    0.1444       163       640    0.3932       0.7    0.6159    0.4147   0.03945   0.05819   0.01617
   133/299     15.4G   0.04489   0.07767    0.0218    0.1444       202       640    0.3925    0.6998    0.6157    0.4145   0.03942   0.05816   0.01614
   134/299     15.4G   0.04489   0.07767   0.02176    0.1443       204       640    0.3928    0.6991    0.6159    0.4148    0.0394   0.05815   0.01611
   135/299     15.4G   0.04482   0.07768   0.02162    0.1441       161       640    0.3933    0.7007     0.616    0.4154   0.03938   0.05815   0.01609
   136/299     15.4G   0.04485    0.0777   0.02177    0.1443       184       640    0.3935    0.7013    0.6159    0.4155   0.03936   0.05813   0.01607
   137/299     15.4G   0.04476   0.07767   0.02153    0.1439       192       640    0.3942     0.702    0.6165    0.4158   0.03935   0.05814   0.01608
   138/299     15.4G   0.04468   0.07776    0.0215     0.144       194       640    0.3935    0.7029    0.6162    0.4158   0.03932   0.05811   0.01606
   139/299     15.4G    0.0446   0.07719   0.02139    0.1432       200       640    0.3984    0.7051    0.6175    0.4162   0.03932   0.05812   0.01605
   140/299     15.4G   0.04461   0.07737   0.02143    0.1434       160       640    0.3979    0.7062    0.6178    0.4166    0.0393   0.05812   0.01604
   141/299     15.4G    0.0446   0.07727   0.02136    0.1432       154       640     0.399    0.7067    0.6184    0.4171   0.03929   0.05811   0.01602
   142/299     15.4G   0.04455   0.07731    0.0214    0.1433       271       640    0.3988    0.7067    0.6185    0.4177   0.03926   0.05812   0.01601
   143/299     15.4G   0.04458   0.07704   0.02135     0.143       141       640    0.3991    0.7075    0.6185    0.4184   0.03924   0.05812   0.01598
   144/299     15.4G    0.0445   0.07693   0.02128    0.1427       195       640    0.3991    0.7076    0.6195    0.4188   0.03923   0.05809   0.01597
   145/299     15.4G   0.04444   0.07727   0.02116    0.1429       130       640     0.398    0.7077    0.6199    0.4191   0.03922   0.05806   0.01596
   146/299     15.4G   0.04434   0.07699   0.02115    0.1425       207       640    0.3973    0.7075    0.6207    0.4193    0.0392   0.05803   0.01595
   147/299     15.4G   0.04442   0.07683   0.02107    0.1423       201       640    0.3967    0.7084    0.6215    0.4202   0.03918   0.05802   0.01592
   148/299     15.4G   0.04438   0.07674   0.02109    0.1422       237       640    0.3964    0.7084    0.6218    0.4199   0.03916     0.058   0.01592
   149/299     15.4G   0.04428   0.07689   0.02098    0.1421       182       640     0.397    0.7086    0.6218     0.421   0.03915   0.05798   0.01593
   150/299     15.4G   0.04427   0.07681   0.02086    0.1419       158       640    0.3965    0.7105    0.6236     0.422   0.03913   0.05794    0.0159
   151/299     15.4G   0.04423   0.07685    0.0209     0.142       202       640    0.3959    0.7091    0.6237     0.422   0.03912   0.05791   0.01588
   152/299     15.4G   0.04414   0.07687   0.02074    0.1417       167       640    0.3958    0.7096     0.624    0.4223    0.0391   0.05787   0.01586
   153/299     15.4G   0.04408   0.07644   0.02067    0.1412       188       640    0.3954    0.7103     0.625    0.4231   0.03908   0.05785   0.01584
   154/299     15.4G   0.04404   0.07654   0.02066    0.1412       244       640    0.3951    0.7101    0.6252    0.4236   0.03905   0.05784   0.01582
   155/299     15.4G   0.04401   0.07652   0.02065    0.1412       158       640    0.3952    0.7102    0.6248    0.4242   0.03903   0.05782   0.01579
   156/299     15.4G   0.04396    0.0763   0.02052    0.1408       204       640     0.395    0.7104    0.6252     0.424     0.039   0.05783   0.01574
   157/299     15.4G   0.04387   0.07631   0.02045    0.1406       156       640    0.3957    0.7105    0.6255    0.4244   0.03898   0.05782    0.0157
   158/299     15.4G    0.0439   0.07608    0.0205    0.1405       208       640    0.3946    0.7103    0.6251     0.424   0.03898   0.05782   0.01566
   159/299     15.4G   0.04385    0.0764   0.02037    0.1406       113       640    0.3954    0.7115    0.6253    0.4244   0.03897   0.05782   0.01564
   160/299     15.4G   0.04381   0.07618   0.02042    0.1404       146       640    0.3957     0.711    0.6253    0.4244   0.03895   0.05781   0.01561
   161/299     15.4G   0.04375    0.0762   0.02029    0.1402       170       640    0.3953    0.7115    0.6253    0.4247   0.03894    0.0578    0.0156
   162/299     15.4G   0.04368   0.07617   0.02039    0.1402       131       640    0.3958    0.7117     0.626    0.4248   0.03892   0.05777    0.0156
   163/299     15.4G   0.04369   0.07615   0.02022    0.1401       181       640    0.3958    0.7113    0.6257     0.425    0.0389   0.05776   0.01558
   164/299     15.4G   0.04365   0.07591   0.02013    0.1397       179       640    0.3953    0.7112    0.6256    0.4242   0.03888   0.05776   0.01555
   165/299     15.4G    0.0436   0.07575   0.02011    0.1395       184       640    0.3953    0.7106    0.6267    0.4255   0.03885   0.05776   0.01553
   166/299     15.4G   0.04354   0.07578   0.02004    0.1394       212       640    0.3965    0.7117    0.6273    0.4258   0.03882   0.05776   0.01552
   167/299     15.4G   0.04349   0.07571   0.01997    0.1392       238       640    0.3968    0.7123    0.6275    0.4256   0.03881   0.05776   0.01551
   168/299     15.4G   0.04348   0.07556   0.01993     0.139       181       640    0.3962     0.712     0.628    0.4259   0.03879   0.05776   0.01549
   169/299     15.4G   0.04333   0.07549   0.01984    0.1387       174       640     0.396    0.7116    0.6284    0.4263   0.03877   0.05776   0.01545
   170/299     15.4G   0.04334   0.07551    0.0198    0.1386       194       640    0.3958     0.711    0.6286    0.4269   0.03876   0.05774   0.01542
   171/299     15.4G   0.04332   0.07523   0.01983    0.1384       186       640    0.3952    0.7111    0.6286    0.4272   0.03874   0.05774   0.01537
   172/299     15.4G   0.04327   0.07524   0.01964    0.1382       164       640    0.3962    0.7113    0.6288    0.4268   0.03873   0.05773   0.01533
   173/299     15.4G   0.04324   0.07511   0.01964     0.138       184       640    0.3964    0.7129     0.629    0.4267   0.03872   0.05771   0.01529
   174/299     15.4G    0.0432   0.07516   0.01961     0.138       122       640    0.3971    0.7143    0.6296    0.4278    0.0387   0.05769   0.01528
   175/299     15.4G   0.04312    0.0752   0.01948    0.1378       155       640    0.3974    0.7129    0.6301    0.4282   0.03868   0.05769   0.01527
   176/299     15.4G   0.04309     0.075   0.01944    0.1375       181       640    0.3975     0.714    0.6306    0.4288   0.03867   0.05765   0.01526
   177/299     15.4G   0.04305   0.07513   0.01934    0.1375       194       640    0.3974    0.7151    0.6308     0.429   0.03865    0.0576   0.01524
   178/299     15.4G   0.04303   0.07489   0.01937    0.1373       170       640     0.397    0.7144    0.6313    0.4295   0.03863   0.05759   0.01524
   179/299     15.4G   0.04293   0.07488   0.01922     0.137       148       640    0.3984    0.7156    0.6315    0.4297    0.0386   0.05758   0.01522
   180/299     15.4G   0.04288   0.07478   0.01915    0.1368       134       640    0.3974    0.7163    0.6313    0.4297   0.03858   0.05757   0.01521
   181/299     15.4G   0.04282    0.0747   0.01913    0.1366       145       640    0.3975    0.7171    0.6316    0.4303   0.03856   0.05754   0.01521
   182/299     15.4G    0.0428   0.07445   0.01902    0.1363       140       640     0.398    0.7171    0.6318    0.4304   0.03854    0.0575   0.01521
   183/299     15.4G   0.04274   0.07442   0.01901    0.1362        84       640    0.3979    0.7174    0.6325     0.431   0.03853   0.05749    0.0152
   184/299     15.4G   0.04271   0.07446   0.01895    0.1361       167       640    0.3975    0.7177    0.6324    0.4307   0.03851   0.05749   0.01521
   185/299     15.4G   0.04265   0.07422    0.0189    0.1358       212       640    0.3974    0.7175    0.6319    0.4307   0.03849   0.05751    0.0152
   186/299     15.4G   0.04259   0.07405   0.01878    0.1354       189       640    0.3965    0.7176    0.6325    0.4314   0.03847    0.0575   0.01519
   187/299     15.4G   0.04259   0.07433   0.01882    0.1357       123       640     0.397    0.7169    0.6321    0.4314   0.03846   0.05751   0.01517
   188/299     15.4G   0.04259   0.07415   0.01868    0.1354       199       640    0.3977     0.718    0.6326    0.4316   0.03843   0.05749   0.01515
   189/299     15.4G   0.04244   0.07399   0.01868    0.1351       158       640    0.3983    0.7172    0.6328    0.4315   0.03841   0.05747   0.01511
   190/299     15.4G   0.04246   0.07391   0.01859     0.135       173       640    0.3981     0.718    0.6328    0.4323   0.03839   0.05747    0.0151
   191/299     15.4G   0.04236   0.07379   0.01857    0.1347       127       640    0.3986    0.7186    0.6335    0.4328   0.03836   0.05746   0.01507
   192/299     15.4G   0.04233   0.07399   0.01845    0.1348       234       640    0.3986    0.7195    0.6335    0.4331   0.03834   0.05745   0.01508
   193/299     15.4G   0.04226   0.07364   0.01832    0.1342       130       640    0.4003    0.7205    0.6342    0.4331   0.03834   0.05745   0.01507
   194/299     15.4G    0.0423   0.07363   0.01833    0.1343       243       640    0.3991    0.7199    0.6348    0.4333   0.03832   0.05745   0.01506
   195/299     15.4G   0.04214   0.07374   0.01826    0.1341       144       640    0.3991    0.7199    0.6344    0.4338   0.03829   0.05745   0.01504
   196/299     15.4G   0.04212   0.07359    0.0182    0.1339       219       640    0.4009    0.7212    0.6353    0.4343   0.03828   0.05742   0.01503
   197/299     15.4G   0.04207   0.07349   0.01808    0.1336       163       640    0.4021    0.7214    0.6355    0.4341   0.03826   0.05741   0.01501
   198/299     15.4G   0.04195   0.07336   0.01811    0.1334       196       640    0.4024     0.722    0.6354    0.4345   0.03823    0.0574     0.015
   199/299     15.4G   0.04199   0.07317   0.01799    0.1332        88       640    0.4027    0.7222    0.6354    0.4347   0.03821    0.0574   0.01499
   200/299     15.4G   0.04193   0.07331     0.018    0.1332       198       640    0.4024     0.722    0.6358    0.4349    0.0382   0.05741   0.01499
   201/299     15.4G   0.04188   0.07316   0.01786    0.1329       153       640    0.4033    0.7239    0.6362     0.435   0.03819    0.0574   0.01498
   202/299     15.4G   0.04184   0.07308   0.01781    0.1327       152       640    0.4032    0.7252    0.6354     0.435   0.03817   0.05738   0.01498
   203/299     15.4G   0.04174   0.07263   0.01772    0.1321       182       640    0.4038    0.7252    0.6357    0.4352   0.03814   0.05738   0.01496
   204/299     15.4G    0.0417   0.07276   0.01785    0.1323       153       640    0.4014     0.722    0.6356    0.4351   0.03811   0.05743   0.01495
   205/299     15.4G   0.04164   0.07256   0.01764    0.1318       186       640    0.4008    0.7222    0.6355    0.4348   0.03811   0.05745   0.01495
   206/299     15.4G    0.0416   0.07256   0.01766    0.1318       233       640    0.4034    0.7239    0.6364    0.4359   0.03809   0.05745   0.01493
   207/299     15.4G   0.04157   0.07257   0.01754    0.1317       115       640    0.4032    0.7248    0.6371     0.436   0.03808   0.05744   0.01492
   208/299     15.4G    0.0415   0.07238   0.01739    0.1313       150       640    0.4022    0.7242    0.6366    0.4355   0.03807   0.05739   0.01489
   209/299     15.4G   0.04151   0.07235   0.01738    0.1312       267       640    0.4028    0.7231     0.637    0.4363   0.03807   0.05738   0.01487
   210/299     15.4G   0.04142   0.07224   0.01726    0.1309       144       640     0.404    0.7242    0.6376    0.4367   0.03806   0.05738   0.01485
   211/299     15.4G   0.04133   0.07212   0.01732    0.1308       163       640    0.4046    0.7248    0.6381    0.4365   0.03806   0.05737   0.01485
   212/299     15.4G   0.04124   0.07195   0.01717    0.1304       165       640    0.4048     0.725    0.6389    0.4369   0.03805   0.05737   0.01484
   213/299     15.4G   0.04127   0.07194   0.01716    0.1304       128       640    0.4057     0.725    0.6395    0.4377   0.03804   0.05738   0.01483
   214/299     15.4G   0.04126   0.07177   0.01705    0.1301       179       640    0.4059    0.7244    0.6402    0.4384   0.03802   0.05739   0.01483
   215/299     15.4G   0.04112   0.07151   0.01705    0.1297       178       640    0.4045    0.7225    0.6391    0.4375   0.03801   0.05743   0.01485
   216/299     15.4G   0.04114   0.07167    0.0169    0.1297       164       640     0.406    0.7253    0.6393    0.4373   0.03799   0.05746   0.01487
   217/299     15.4G   0.04105   0.07155   0.01688    0.1295       215       640    0.4057    0.7245     0.639    0.4379   0.03799   0.05751   0.01489
   218/299     15.4G   0.04102   0.07143   0.01684    0.1293       171       640    0.4065    0.7241    0.6389    0.4379   0.03798   0.05751   0.01489
   219/299     15.4G   0.04095   0.07147   0.01677    0.1292       122       640    0.4059    0.7237    0.6387     0.438   0.03797   0.05752   0.01488
   220/299     15.4G    0.0409   0.07131   0.01667    0.1289       146       640    0.4074    0.7251    0.6392     0.438   0.03794   0.05751   0.01489
   221/299     15.4G   0.04081   0.07111   0.01673    0.1286       187       640    0.4075     0.725    0.6393    0.4385   0.03791   0.05752   0.01489
   222/299     15.4G   0.04074   0.07114   0.01653    0.1284       171       640     0.407    0.7255    0.6402    0.4391   0.03789   0.05753   0.01489
   223/299     15.4G   0.04077   0.07086   0.01656    0.1282       224       640    0.4058    0.7251    0.6403    0.4395   0.03788   0.05751   0.01487
   224/299     15.4G   0.04072   0.07112   0.01647    0.1283       165       640    0.4055    0.7256    0.6403    0.4395   0.03787    0.0575   0.01486
   225/299     15.4G   0.04069   0.07059   0.01647    0.1278       182       640     0.405    0.7241    0.6411    0.4403   0.03786   0.05752   0.01486
   226/299     15.4G    0.0406   0.07057   0.01631    0.1275       186       640    0.4045    0.7247    0.6403    0.4401   0.03785   0.05754   0.01485
   227/299     15.4G   0.04056   0.07068   0.01623    0.1275       204       640    0.4064    0.7251    0.6402    0.4397   0.03784   0.05756   0.01484
   228/299     15.4G   0.04045   0.07029    0.0162    0.1269       138       640     0.407    0.7248    0.6402    0.4391   0.03782   0.05756   0.01484
   229/299     15.4G   0.04043   0.07032   0.01613    0.1269       200       640    0.4073    0.7241    0.6391    0.4389   0.03781   0.05758   0.01483
   230/299     15.4G   0.04037    0.0703   0.01602    0.1267       168       640    0.4077    0.7256      0.64    0.4394    0.0378   0.05759   0.01483
   231/299     15.4G   0.04024   0.07034   0.01598    0.1266       152       640     0.407    0.7266    0.6394    0.4393   0.03779    0.0576   0.01482
   232/299     15.4G   0.04032   0.06998     0.016    0.1263       176       640     0.407     0.726    0.6404    0.4396   0.03779   0.05759   0.01479
   233/299     15.4G   0.04011   0.06995   0.01581    0.1259       256       640    0.4075    0.7261    0.6398    0.4393   0.03779   0.05762   0.01476
   234/299     15.4G   0.04014   0.06987   0.01584    0.1259       169       640    0.4089     0.726    0.6401    0.4394   0.03778   0.05766   0.01475
   235/299     15.4G   0.04007   0.06996   0.01575    0.1258       225       640    0.4101    0.7253    0.6404    0.4397   0.03778   0.05769   0.01475
   236/299     15.4G   0.04007   0.06973    0.0157    0.1255       143       640    0.4103    0.7241    0.6407    0.4397   0.03778    0.0577   0.01477
   237/299     15.4G   0.03997   0.06976   0.01563    0.1254       119       640    0.4111    0.7241    0.6411    0.4401   0.03779   0.05774   0.01477
   238/299     15.4G   0.03992   0.06939   0.01556    0.1249       205       640    0.4118    0.7253    0.6406    0.4398   0.03778   0.05776   0.01476
   239/299     15.4G   0.03994   0.06945   0.01552    0.1249       227       640    0.4119    0.7256    0.6408      0.44   0.03776   0.05779   0.01477
   240/299     15.4G   0.03985   0.06925   0.01549    0.1246       165       640    0.4123    0.7265    0.6409    0.4401   0.03775    0.0578   0.01477
   241/299     15.4G   0.03979   0.06906    0.0154    0.1242       135       640    0.4132    0.7254    0.6411    0.4408   0.03773   0.05783   0.01475
   242/299     15.4G   0.03974   0.06913   0.01535    0.1242       177       640    0.4127    0.7244    0.6411    0.4404   0.03772   0.05784   0.01473
   243/299     15.4G   0.03964   0.06894   0.01532    0.1239       159       640    0.4131    0.7254    0.6407     0.441   0.03772   0.05788   0.01472
   244/299     15.4G   0.03964   0.06872   0.01512    0.1235       210       640    0.4142     0.726    0.6403    0.4406   0.03772   0.05791   0.01472
   245/299     15.4G   0.03952   0.06856   0.01507    0.1232       189       640    0.4118     0.725    0.6396    0.4405   0.03772   0.05793   0.01473
   246/299     15.4G   0.03954   0.06855    0.0151    0.1232       141       640    0.4122    0.7242    0.6401    0.4408   0.03771   0.05794   0.01475
   247/299     15.4G   0.03942   0.06844   0.01502    0.1229       217       640    0.4136    0.7248    0.6409    0.4408   0.03769   0.05794   0.01476
   248/299     15.4G   0.03947   0.06833   0.01497    0.1228       279       640    0.4123    0.7236    0.6409    0.4412   0.03768   0.05796   0.01476
   249/299     15.4G   0.03938   0.06824    0.0149    0.1225       181       640    0.4124     0.725    0.6411    0.4419   0.03767   0.05797   0.01477
   250/299     15.4G    0.0393   0.06807   0.01488    0.1223       205       640    0.4133    0.7273    0.6415    0.4421   0.03767   0.05799   0.01474
   251/299     15.4G   0.03924   0.06813    0.0148    0.1222       140       640     0.414     0.726    0.6407    0.4414   0.03767   0.05804   0.01476
   252/299     15.4G   0.03922     0.068   0.01476     0.122       161       640    0.4146    0.7256    0.6405    0.4416   0.03766   0.05809    0.0148
   253/299     15.4G   0.03918   0.06772   0.01466    0.1216       154       640    0.4151    0.7243     0.641    0.4416   0.03766   0.05816    0.0148
   254/299     15.4G   0.03908   0.06786   0.01459    0.1215       170       640    0.4155    0.7228    0.6414     0.442   0.03766   0.05821    0.0148
   255/299     15.4G   0.03913   0.06783   0.01464    0.1216       203       640    0.4156     0.724    0.6407    0.4416   0.03765   0.05826   0.01483
   256/299     15.4G   0.03904   0.06749   0.01449     0.121       158       640    0.4141    0.7218      0.64    0.4413   0.03766   0.05831   0.01485
   257/299     15.4G   0.03903   0.06754   0.01439     0.121       198       640    0.4142    0.7238    0.6389    0.4404   0.03765   0.05837   0.01486
   258/299     15.4G   0.03896   0.06717   0.01445    0.1206       214       640    0.4153    0.7242    0.6395     0.441   0.03765   0.05839   0.01486
   259/299     15.4G   0.03886   0.06725    0.0143    0.1204       194       640    0.4163    0.7242    0.6394     0.441   0.03764   0.05843   0.01489
   260/299     15.4G   0.03887   0.06717   0.01433    0.1204       155       640    0.4167     0.723    0.6391    0.4409   0.03763   0.05845    0.0149
   261/299     15.4G   0.03882   0.06701   0.01423    0.1201       233       640    0.4176    0.7241    0.6384    0.4411   0.03763   0.05851   0.01492
   262/299     15.4G   0.03874   0.06685   0.01422    0.1198       170       640    0.4171    0.7228    0.6388    0.4415   0.03762   0.05857   0.01494
   263/299     15.4G   0.03869   0.06677   0.01418    0.1196       141       640    0.4188    0.7231    0.6399    0.4418   0.03762   0.05863   0.01493
   264/299     15.4G   0.03865   0.06676    0.0141    0.1195       251       640     0.418    0.7228    0.6389    0.4417   0.03763   0.05871   0.01496
   265/299     15.4G   0.03866   0.06679   0.01411    0.1196       171       640    0.4178    0.7232    0.6392    0.4415   0.03763   0.05877   0.01498
   266/299     15.4G   0.03863   0.06663     0.014    0.1193       206       640    0.4192    0.7234     0.639    0.4412   0.03764   0.05884   0.01499
   267/299     15.4G   0.03855   0.06635   0.01399    0.1189       238       640    0.4192    0.7225    0.6391    0.4413   0.03764   0.05888   0.01499
   268/299     15.4G   0.03852   0.06649   0.01394     0.119       167       640    0.4199    0.7224    0.6395    0.4411   0.03764   0.05894   0.01499
   269/299     15.4G   0.03845   0.06625   0.01386    0.1186       219       640    0.4197    0.7221    0.6394    0.4413   0.03765   0.05899   0.01497
   270/299     15.4G   0.03841   0.06603   0.01385    0.1183       130       640    0.4196    0.7206    0.6393    0.4412   0.03766   0.05902   0.01496
   271/299     15.4G   0.03837   0.06621   0.01378    0.1184       128       640      0.42    0.7217    0.6391     0.441   0.03766   0.05905   0.01496
   272/299     15.4G   0.03833     0.066   0.01373    0.1181       155       640    0.4215    0.7209    0.6393    0.4413   0.03767   0.05908   0.01496
   273/299     15.4G   0.03832   0.06588   0.01367    0.1179       137       640    0.4214    0.7204    0.6387    0.4409   0.03768   0.05912   0.01496
   274/299     15.4G   0.03829   0.06596   0.01363    0.1179       302       640    0.4212    0.7204    0.6381    0.4403   0.03769   0.05915   0.01496
   275/299     15.4G    0.0382   0.06574   0.01359    0.1175       182       640     0.422    0.7208    0.6378    0.4398    0.0377   0.05917   0.01497
   276/299     15.4G   0.03819   0.06567   0.01352    0.1174       105       640    0.4209    0.7208    0.6378      0.44   0.03769   0.05918   0.01497
